GENEID	HepG2_directRNA_R1.sorted	A549_directRNA_R2.sorted	A549_directRNA_R3.sorted	HepG2_directRNA_R2.sorted	HepG2_directRNA_R3.sorted	A549_directRNA_R1.sorted
BambuGene1	4	3	0	1	0	0
BambuGene3	0	4	2	0	0	0
ENSG00000008735	10	18	7	0	0	0
ENSG00000015475	50	222	65	8	3	18
ENSG00000025708	38	78.99999	25	3	1	11
ENSG00000025770	19	141	38	4	2	11
ENSG00000040608	0.99999	22	8	0	0	0.99999
ENSG00000054611	24.99999	82	25	4	2	12
ENSG00000056487	0	18	9	0	0	1
ENSG00000063515	0	0	0	0	0	0
ENSG00000069998	0	146	53	0	0	11
ENSG00000070010	67	391.00001	145	8.99999	8	49
ENSG00000070371	3	28	7	0	0	3
ENSG00000070413	79.99999	120	20	4	10	11
ENSG00000073146	1	0	0	1	0	0
ENSG00000073150	5	39	10	1	0	3
ENSG00000073169	13	79	14	1	2	10
ENSG00000075218	1	83	24	0	0	7
ENSG00000075234	71	52	20	7	3	10
ENSG00000075240	9	28	16	0	2	0
ENSG00000075275	4	128	43	0	0	11
ENSG00000077935	0	0	0	0	0	0
ENSG00000077942	84	180	57	16	4	14
ENSG00000079974	4	41	8	0	2	3
ENSG00000093000	50	154.00001	42	6	6	11
ENSG00000093009	0	194	54	0	0	20
ENSG00000093010	262.00001	449.99999	148	35	35	54
ENSG00000093072	0	1	0	0	0	0
ENSG00000093100	0	0	0	0	0	0
ENSG00000099889	22	3	3	0	0	2
ENSG00000099899	9	66.00001	22	1	0	10
ENSG00000099901	218	1134	377	28	22	110
ENSG00000099904	11	23	10	0	0	3
ENSG00000099910	11	34	11	0	0	5
ENSG00000099917	45.00001	111	22	6.00001	5	18
ENSG00000099937	303	0	0	48	50	0
ENSG00000099940	25	87	29	3	1	10
ENSG00000099942	50	86	21	3	6	4
ENSG00000099949	15	47	13	1	1	6
ENSG00000099953	16	0	0	1	5	0
ENSG00000099954	0	3	3	0	0	0
ENSG00000099956	142	246	75	9	8	24
ENSG00000099957	0	0	1	0	0	0
ENSG00000099958	0	0	1	0	0	0
ENSG00000099960	0	0	0	0	0	0
ENSG00000099968	23	167	40.00001	7	0	11
ENSG00000099974	5	32	3	0	3	3
ENSG00000099977	98	589.99999	235	25	10	86
ENSG00000099984	0	0	0	0	0	0
ENSG00000099985	0	0	0	0	0	0
ENSG00000099991	74	82.99999	30.99999	9	5.00001	3.00002
ENSG00000099992	10	33	14	1	1	6
ENSG00000099994	5	63	22	0	2	9
ENSG00000099995	86	292	100	16	11	27
ENSG00000099998	1	2	0	1	0	0
ENSG00000099999	1	36	10	0	0	2
ENSG00000100003	4	31	9	0	1	0
ENSG00000100012	0	0	0	0	0	0
ENSG00000100014	40	66	21	6	7	10
ENSG00000100023	32.99999	55.00001	18	4	6	11
ENSG00000100024	0	0	0	0	0	0
ENSG00000100027	0	0	0	0	0	0
ENSG00000100028	128	540	255	17	11	90
ENSG00000100029	119.99999	415	124	10	5	45
ENSG00000100030	139	262	85	28	13	25
ENSG00000100031	76.00001	347	110	11	8	44.00001
ENSG00000100033	0	0	1	0	0	0
ENSG00000100034	25	57	16	2	3	6
ENSG00000100036	0	16	9	0	0	1
ENSG00000100038	15	30	15	1	0	3
ENSG00000100053	0	0	1	0	0	0
ENSG00000100055	0	0	0	0	0	0
ENSG00000100056	5	46	24	2	1	6
ENSG00000100058	12	18	3	4	2	0
ENSG00000100060	7	1	0	0	1	0
ENSG00000100065	82	79	21	6	5	8
ENSG00000100068	0	4.00001	1	0	0	0
ENSG00000100075	129	456	163	15	11	59
ENSG00000100077	17	32	15	4	1	4
ENSG00000100078	0	0	0	0	0	0
ENSG00000100079	71	0	0	5	3	2
ENSG00000100083	29	68	15	4	3	11
ENSG00000100084	46	63	27	6	7	10
ENSG00000100092	6	35	6	3	1	0
ENSG00000100095	0	0	0	0	0	0
ENSG00000100097	65.00001	3234.99999	1089.99999	19	19	416
ENSG00000100099	18	40	11.99999	5	2	6
ENSG00000100100	6	1	1	1	1	1
ENSG00000100101	0	0	0	0	0	0
ENSG00000100104	31	68	31	1	4	5
ENSG00000100105	77	96.99999	17	3	2	7
ENSG00000100106	12	138.99999	48	0	0	14
ENSG00000100109	22	89	31	2	0	8
ENSG00000100116	7	22	8	1	1	1
ENSG00000100121	0	1	2.00001	0	0	0
ENSG00000100122	0	0	0	0	0	0
ENSG00000100124	67	94	28	1	0	10
ENSG00000100129	641.00002	1137.99999	346.00001	77	59	113
ENSG00000100138	499.00001	628	213	66	36	86
ENSG00000100139	31	60	24	9	1	5
ENSG00000100142	94.00001	209	98	14	7	38
ENSG00000100146	0	0	0	0	0	0
ENSG00000100147	1	5	6	2	1	0
ENSG00000100150	0	10	3	0	1	7
ENSG00000100151	14	51	13	2	0	4
ENSG00000100154	7	28	12	0	2	4
ENSG00000100156	0	0	0	0	0	0
ENSG00000100162	3	211	77.99999	0	0	32
ENSG00000100167	0	4	0	0	0	0
ENSG00000100170	0	0	0	0	0	0
ENSG00000100181	0	0	0	0	0	0
ENSG00000100191	0	0	0	0	0	0
ENSG00000100196	13	76	12	3	4	9
ENSG00000100197	0	0	1	0	0	0
ENSG00000100201	99.00001	287	52	8	16	20
ENSG00000100206	0	8	4	0	0	5
ENSG00000100207	15	48	15	1	0	4
ENSG00000100209	23.99999	70	19	6	4	9
ENSG00000100211	9	49	20	3	1	5
ENSG00000100216	142	533	139	24	10	65
ENSG00000100218	0	11	2	0	0	1
ENSG00000100219	696	335	100	134	73	72
ENSG00000100220	91	380	116	14	12	42
ENSG00000100221	44	90	28	6	5	9
ENSG00000100225	137	325.99999	101	28	8	38
ENSG00000100226	26	23	4	5	1	4
ENSG00000100227	85.00001	169.99999	46	5	5	23
ENSG00000100228	0	20	10	0	0	3
ENSG00000100234	91	0	0	11	9	0
ENSG00000100239	27	46.00001	15	3	4	4
ENSG00000100241	63	114	41	10	3	10
ENSG00000100242	42	149	53	13.00001	10	16
ENSG00000100243	269	333	98	37	31	44
ENSG00000100246	8	33	10	2	1	3
ENSG00000100249	0	0	0	0	0	0
ENSG00000100253	4	0	0	2	0	0
ENSG00000100258	63	145	53	15	10	17
ENSG00000100263	20	37	15	3	3	2
ENSG00000100266	101	244	103	9	6	31
ENSG00000100271	3	5	3	0	0	1.99999
ENSG00000100276	0	1	0	0	0	0
ENSG00000100280	50	209	53.99999	3	1	10
ENSG00000100281	7	43	10	0	1	7
ENSG00000100284	101	55	19	7	5.00001	5
ENSG00000100285	0	1	0	0	0	0
ENSG00000100288	25	29	6	0	1	0
ENSG00000100290	24	5	1	0	2	0
ENSG00000100292	87	859	258	16	9	64
ENSG00000100294	15	98	34	2	1	5
ENSG00000100296	41.99999	154	52.00001	3.99999	3	5
ENSG00000100297	19	564	187	3	1	63
ENSG00000100298	0	0	0	0	0	0
ENSG00000100299	23	41.99999	10	3	2	6
ENSG00000100300	4	620.99999	229.00001	0.99999	1	60
ENSG00000100302	0	7	1	0	0	3
ENSG00000100304	78	132	32	5	10	18
ENSG00000100307	4	5	0	0	0	0
ENSG00000100311	6	15	8	0	0	2
ENSG00000100312	1	0	0	0	0	0
ENSG00000100314	0	3	0	0	0	0
ENSG00000100316	2885.99999	5769.00001	1937	352	235	720
ENSG00000100319	21	103	42	6	2	7
ENSG00000100320	45	147	51	3	2	19
ENSG00000100321	3	46	19	0	0	2
ENSG00000100324	12	45	19	4	3	4
ENSG00000100325	28	100	43	0	2	10
ENSG00000100330	26	56	11	1	2	3
ENSG00000100335	51	73	32	4	10	7
ENSG00000100336	1	0	0	0	0.99999	0
ENSG00000100341	0	0	0	0	0	0
ENSG00000100342	6	6	4	5	2	1
ENSG00000100344	0	2	0	0	0	1
ENSG00000100345	267	741	254	26	26	66
ENSG00000100346	0	0	0	0	0	0
ENSG00000100347	52	250	95	8	5	32
ENSG00000100348	78	300.00001	74	18	12	35
ENSG00000100350	44	91	40	6	3	14
ENSG00000100351	0	0	0	0	0	0
ENSG00000100353	185	728	203	25	17	56
ENSG00000100354	8	18	10	0	2	1
ENSG00000100359	5	54	18	0	0	6
ENSG00000100360	1	198	52	0	0	14
ENSG00000100362	0	0	0	0	0	0
ENSG00000100364	39	287.00001	106	6	4	32
ENSG00000100365	0	0	0	0	0	0
ENSG00000100368	0	0	0	0	0	0
ENSG00000100372	32	140	27	4	8	13
ENSG00000100373	4	0	0	1	0	0
ENSG00000100376	30	27	4	3	1	3
ENSG00000100379	11	91.99999	21	0	1.99999	9
ENSG00000100380	329	578	223	46	38	70
ENSG00000100385	1	0	0	0	0	0
ENSG00000100387	136	371	195	25	12	72
ENSG00000100393	30	68	19	5	1	5
ENSG00000100395	25	55	21	1	1	4
ENSG00000100399	15	0	0	1	2	0
ENSG00000100401	110	452	160	14	11	24
ENSG00000100403	45	88	20	5	3	6
ENSG00000100410	53	255	80	11	8	35
ENSG00000100412	97	281	95	16	7	23
ENSG00000100413	33	194	64.99999	4	0	17.99999
ENSG00000100416	9	83.99999	32	2	0	8
ENSG00000100417	65	123.00001	31	9	3	27
ENSG00000100418	64	150	49	3	5	22
ENSG00000100422	85	92	30	11	6	9
ENSG00000100425	19	37	18	2	1	4
ENSG00000100426	16	44	15	3	3	8
ENSG00000100427	0	0	0	0	0	0
ENSG00000100429	15	16.99999	4	2.99999	1	0
ENSG00000128159	6	19	11.99999	1	0	1
ENSG00000128165	36	2	0	4	3	0
ENSG00000128185	29	161.00001	65.99999	3	4	27
ENSG00000128191	12.99999	60	19	1	0	7
ENSG00000128203	0	8	0	0	0	1
ENSG00000128218	0	0	0	0	1	0
ENSG00000128228	28	221	77	2	2	29
ENSG00000128242	5	90	33.99999	2	1	12
ENSG00000128245	111.00001	590	169	15	8	64
ENSG00000128250	0	0	0	0	0	0
ENSG00000128253	0	0	1	0	0	0
ENSG00000128254	0	0	0	0	0	0
ENSG00000128262	1	0	0	0	0	0
ENSG00000128266	26	15	3	2	1	0
ENSG00000128268	0	0	1	0	0	0
ENSG00000128271	7	7	2	0	1	0
ENSG00000128272	654	922	212	83	31	113
ENSG00000128274	0	42	21	1	0	4
ENSG00000128276	0	0	0	0	0	0
ENSG00000128283	319	153	50	25	32	11
ENSG00000128284	1.99999	0.99999	0	0	2.00001	0
ENSG00000128285	2	0	0	0	0	0
ENSG00000128294	16	61	29	2	0	9
ENSG00000128298	8	31	13	2	0	2
ENSG00000128309	196.99999	455	137	26	15	45
ENSG00000128310	0	0	0	0	0	0
ENSG00000128311	49	351	92	7	8	32
ENSG00000128313	0	0	0	0	0	0
ENSG00000128322	0	0	0	0	0	0
ENSG00000128335	7	25	7	0	7	9
ENSG00000128340	0	0	1	0	1	0
ENSG00000128342	8	93	35	0	3	7
ENSG00000128346	0	2	2	0	0	0
ENSG00000128383	0	0	0	0	0	0
ENSG00000128394	1	6	5	0	0	1
ENSG00000128408	1	23	7	0	0	3
ENSG00000130487	0	0	0	0	0	0
ENSG00000130489	31	105	49	4	1	11
ENSG00000130538	0	0	0	0	0	0
ENSG00000130540	0	0	0	0	0	0
ENSG00000130638	133	564	181	16	23	66
ENSG00000130943	1	0	0	0	0	0
ENSG00000131100	124	385	153	20	16	43
ENSG00000133422	20	68	26	5	2	4
ENSG00000133424	14	21	8	7.00001	4	3
ENSG00000133433	2	0	0	0	1	0
ENSG00000133454	0	0	0	0	0	0
ENSG00000133460	29.99999	20	6	3	3	2
ENSG00000133466	3	50	23	3	0	3
ENSG00000133475	0	0	0	0	0	0
ENSG00000133477	0	0	0	0	0	0
ENSG00000133488	0	1	3.99999	0	0	0
ENSG00000133519	0	11	0	0	0	2.00001
ENSG00000138867	58	87	22	11	6	7
ENSG00000138892	0	0	0	0	0	0
ENSG00000138942	23	84	13	1	1	3
ENSG00000138944	0	0	0	0	0	0
ENSG00000138964	0	0	0	0	0	0
ENSG00000159307	0	0	0	0	0	0
ENSG00000159496	0	0	0	0	0	0
ENSG00000159873	39	89	17	2	6.00001	12.99999
ENSG00000159958	0	0	0	0	0	0
ENSG00000161103	0	1	0	0	0	0
ENSG00000161132	0	0	0	0	0	0
ENSG00000161133	0	0	0	0	0	0
ENSG00000161149	0	1	0	0	0	0
ENSG00000161179	84	244.99999	82	9	9	19
ENSG00000161180	0	0	0	0	0	0
ENSG00000166862	0	0	0	0	0	0
ENSG00000166897	0	23	12	0	0	2
ENSG00000167037	0	8	2	0	0	0
ENSG00000167065	2	12	3	0	0	0
ENSG00000167074	11	7	1	0	0	2
ENSG00000167077	0.99999	0	0	0	0	0
ENSG00000168135	0	1	0	0	0	0
ENSG00000169184	0	7	3	0	0	0
ENSG00000169314	0	0	0	0	0	0
ENSG00000169548	3	9	2	0	1	1
ENSG00000169575	0	0	0	0	0	0
ENSG00000169635	21	11	3	2	0	0
ENSG00000169662	0	0	0	0	0	0
ENSG00000169668	0	3	1	0	0	0
ENSG00000170638	40	151	55	4	2	13.99999
ENSG00000172250	1	0	1	0	0	2
ENSG00000172346	0	5	2	0	0	0
ENSG00000172404	0	0	1	0	0	0
ENSG00000172912	0	0	0	0	0	0
ENSG00000172967	0	0	0	0	0	0
ENSG00000175329	2	0	0	2	0	0
ENSG00000176177	0	0	0	0	0	0
ENSG00000176635	0	0	0	0	0	0
ENSG00000177096	0	0	0	0	0	0
ENSG00000177663	16	30	13.00001	3	0	3
ENSG00000177989	2.00001	11.99999	14	0	0	0
ENSG00000177993	0	0	0	0	0	0
ENSG00000178026	17	25	7	3	1	4
ENSG00000178248	0	0	0	0	0	0
ENSG00000178803	0	0	0	0	0	0
ENSG00000179750	2	116	53	0	0	15
ENSG00000180150	0	0	0	0	0	0
ENSG00000180957	51.00001	208.00001	53.00001	5	5.00001	14
ENSG00000181123	0	0	0	0	0	0
ENSG00000182057	3	5	2	0	0	1
ENSG00000182257	0	2	0	0	0	0
ENSG00000182351	2	28	0	0	0	9
ENSG00000182541	26	15	3	3	3	1
ENSG00000182824	0	0	0	0	0	0
ENSG00000182841	1	21	8	1	0	3
ENSG00000182858	15	97	18	1	4	11
ENSG00000182902	0	0	1	0	0	0
ENSG00000182944	142	539.00001	176	18	14	59
ENSG00000183066	0	1	0	0	0	0
ENSG00000183169	0	0	0	0	0	0
ENSG00000183172	104	114	54	19	7	24
ENSG00000183246	0	0	0	0	0	1
ENSG00000183307	0	1	0	0	0	0
ENSG00000183506	21	20	7	1	6	0
ENSG00000183530	9	20	5	2	2	5
ENSG00000183569	3	0	4	0	0	0
ENSG00000183579	88	46	9	8	13	8
ENSG00000183597	7	42	10	0	0	3.00002
ENSG00000183628	0	4	1	0	0	2
ENSG00000183741	7	72	35	1	3	3
ENSG00000183762	56	32	4	4	4	2
ENSG00000183765	8	49	22	5	2	9
ENSG00000183773	15	1	0	0	0	1
ENSG00000183785	1	0	0	0	0	0
ENSG00000183822	0	0	0	0	0	0
ENSG00000183864	69	62	17	3	13	6
ENSG00000183963	18	104.00001	27	1	11.99999	6
ENSG00000184058	0	8	3	0	0	4
ENSG00000184068	5	5	3	0	1	1
ENSG00000184076	298	613	275	52	28	112
ENSG00000184113	0	0	0	0	0	0
ENSG00000184117	116	332	124	14	9	26
ENSG00000184164	14	85	22	0	0.99999	10
ENSG00000184208	4	13	2	0	0	1
ENSG00000184319	12.99999	89	44	1	0	5.99999
ENSG00000184381	0	8	1	0	0	0
ENSG00000184436	18	106	34.00001	0	2	19.99999
ENSG00000184459	0	0	0	0	0	0
ENSG00000184470	19	147	76	0	5	16
ENSG00000184571	0	0	0	0	0	0
ENSG00000184624	0	0	0	0	0	0
ENSG00000184702	0	40	19.99999	0	0	0
ENSG00000184708	25	56.99999	16	2	1	2
ENSG00000184792	2	23	7	0	0	0
ENSG00000184949	0	0	1	0	0	0
ENSG00000184979	16	34	10	0	2	2
ENSG00000184983	135.99999	401.00001	189.99999	30.00001	21	62
ENSG00000185022	27	16.99999	11	4	1	1
ENSG00000185065	0	3	0	0	0	0
ENSG00000185133	2	1	2	2.00003	0	2
ENSG00000185252	12	26	6	1	0	0
ENSG00000185264	0	0	0	0	0	0
ENSG00000185339	2	17	7	0	1	5
ENSG00000185340	7	126	24	0	4	13
ENSG00000185386	0	34	6	0	0	1
ENSG00000185608	41	257	86	11	5	46
ENSG00000185651	134	557.00001	201	19	16	67
ENSG00000185666	2	0	0	0	0	0
ENSG00000185686	0	464	132	0	0	35
ENSG00000185721	104	296	107	21	9	35
ENSG00000185837	0	0	0	0	0	0
ENSG00000185838	15	51	11	1	0	1
ENSG00000186575	3.99999	68	21	0	0	6
ENSG00000186654	28	96	25	3.00001	2	21.00001
ENSG00000186716	58	84	20	4	9	13
ENSG00000186732	0	0	0	0	0	0
ENSG00000186951	14	16	9	2	4	0
ENSG00000186976	0	2	1	0	0	0
ENSG00000186998	2.00001	0	1	0	0	1
ENSG00000187012	0	0	0	0	0	0
ENSG00000187045	7	12	4	0	3	0
ENSG00000187051	79	221	87	11	5	44
ENSG00000187792	1	3	1	0	0	1
ENSG00000187860	1	10	6	0	0	2
ENSG00000187905	0	0	0	0	0	0
ENSG00000187979	0	0	0	0	0	0
ENSG00000188064	0	752	242	0	0	45
ENSG00000188078	0	0	0	0	0	0
ENSG00000188130	25	110	36.00001	0	1	11
ENSG00000188263	0	2	0	0	0	0
ENSG00000188280	0	0	0	0	0	0
ENSG00000188511	0	0	0	0	0	0
ENSG00000188636	0	66	19	0	0	7
ENSG00000188677	0	177	69	0	0	18
ENSG00000189060	1467	442	166	126	84	47
ENSG00000189269	0	0	0	0	0	0
ENSG00000189295	0	0	0	0	0	0
ENSG00000189306	59	358	135	9	6	39
ENSG00000196236	41	46	20	4	0	5
ENSG00000196419	518	1717	459	77	37	159
ENSG00000196431	0	0	0	0	0	0
ENSG00000196576	127.99999	283.99999	105.00001	7	20.00001	27.99999
ENSG00000196588	27	152	56	1	3	5.00001
ENSG00000197077	28	47	8	7	1	7
ENSG00000197182	0	30	20	0	0	1
ENSG00000197210	0	0	0	0	0	0
ENSG00000197421	0	3	0	0	0	0
ENSG00000197549	0	0	0	0	0	0
ENSG00000198062	0	0	0	0	0	0
ENSG00000198089	8	39	4	0	0	0
ENSG00000198125	0	19	5	0	0	5
ENSG00000198355	73	174	42	14	7	13
ENSG00000198445	0	0	0	0	0	0
ENSG00000198792	42	167	53	7	3	15
ENSG00000198832	2	209.00001	58	0	1	23
ENSG00000198911	102	217	62	20	22	23
ENSG00000198951	11	41	20	0	2	7
ENSG00000199248	0	0	0	0	0	0
ENSG00000199515	0	0	0	0	0	0
ENSG00000199695	0	0	0	0	0	0
ENSG00000199783	0	0	0	0	0	0
ENSG00000199797	0	0	0	0	0	0
ENSG00000199865	0	0	0	0	0	0
ENSG00000200057	0	0	0	0	0	0
ENSG00000200332	0	0	0	0	0	0
ENSG00000200443	0	0	0	0	0	0
ENSG00000200448	0	0	0	0	0	0
ENSG00000200683	0	0	0	0	0	0
ENSG00000200871	0	0	0	0	0	0
ENSG00000200976	0	0	0	0	0	0
ENSG00000200985	0	0	0	0	0	0
ENSG00000201078	0	0	0	0	0	0
ENSG00000201209	0	0	0	0	0	0
ENSG00000201916	0	0	0	0	0	0
ENSG00000202019	0	0	0	0	0	0
ENSG00000202058	0	0	0	0	0	0
ENSG00000203280	1	0	0	0	0	0
ENSG00000203416	0	0	0	0	0	0
ENSG00000203527	0	0	0	0	0	0
ENSG00000203618	0	0	0	0	0	3
ENSG00000205559	2	10	6	0	0	1
ENSG00000205560	0	22	2.99999	1	0	1
ENSG00000205593	3	8	3	0	0	2
ENSG00000205632	1	0	0	0	0	0
ENSG00000205634	0	0	0	0	0	0
ENSG00000205643	8	37	20	0	2	3
ENSG00000205702	0	5	0	0	0	0
ENSG00000205704	1	0	0	0	0	1
ENSG00000205853	0	0	0	0	0	0
ENSG00000205856	0	0	0	0	0	0
ENSG00000206028	0	0	0	0	0	0
ENSG00000206066	0	0	0	0	0	0
ENSG00000206069	0	0	0	0	0	0
ENSG00000206090	0	0	0	0	0	0
ENSG00000206140	2	5	3	1	0	1
ENSG00000206142	0	0	0	0	0	0
ENSG00000206145	0	0	0	0	0	0
ENSG00000206195	42.99999	95	52	5	2	11
ENSG00000206203	0	0	0	0	0	0
ENSG00000206615	0	0	0	0	0	0
ENSG00000206739	0	0	0	0	0	0
ENSG00000206813	0	0	0	0	0	0
ENSG00000206841	0	0	0	0	0	0
ENSG00000207227	0	0	0	0	0	0
ENSG00000207343	0	0	0	0	0	0
ENSG00000207455	0	0	0	0	0	0
ENSG00000207457	0	0	0	0	0	0
ENSG00000207575	0	0	0	0	0	0
ENSG00000207696	0	0	0	0	0	0
ENSG00000207751	0	0	0	0	0	0
ENSG00000207780	0	0	0	0	0	0
ENSG00000207932	0	0	0	0	0	0
ENSG00000208023	0	0	0	0	0	0
ENSG00000209480	0	0	0	0	0	0
ENSG00000209482	0	0	0	0	0	0
ENSG00000211637	0	0	0	0	0	0
ENSG00000211638	0	0	0	0	0	0
ENSG00000211639	0	0	0	0	0	0
ENSG00000211640	0	0	0	0	0	0
ENSG00000211641	0	0	0	0	0	0
ENSG00000211642	0	0	0	0	0	0
ENSG00000211643	0	1	0	0	0	0
ENSG00000211644	0	0	0	0	0	0
ENSG00000211645	0	0	0	0	0	0
ENSG00000211647	0	0	0	0	0	0
ENSG00000211648	0	0	0	0	0	0
ENSG00000211649	0	1	0	0	0	0
ENSG00000211650	0	0	0	0	0	0
ENSG00000211651	0	0	0	0	0	0
ENSG00000211652	0	0	0	0	0	0
ENSG00000211653	0	0	0	0	0	0
ENSG00000211654	0	0	0	0	0	0
ENSG00000211655	0	0	0	0	0	0
ENSG00000211656	0	0	0	0	0	0
ENSG00000211657	0	0	0	0	0	0
ENSG00000211658	0	0	0	0	0	0
ENSG00000211659	0	0	0	0	0	0
ENSG00000211660	0	0	0	0	0	0
ENSG00000211661	0	0	0	0	0	0
ENSG00000211662	0	0	0	0	0	0
ENSG00000211663	0	0	0	0	0	0
ENSG00000211664	0	0	0	0	0	0
ENSG00000211665	0	0	0	0	0	0
ENSG00000211666	0	0	0	0	0	0
ENSG00000211667	0	0	0	0	0	0
ENSG00000211668	0	0	0	0	0	0
ENSG00000211669	0	0	0	0	0	0
ENSG00000211670	0	0	0	0	0	0
ENSG00000211672	0	0	0	0	0	0
ENSG00000211673	0	0	0	0	0	0
ENSG00000211674	0	0	0	0	0	0
ENSG00000211675	0	0	0	0	0	0
ENSG00000211676	0	0	0	0	0	0
ENSG00000211677	0	0	0	0	0	0
ENSG00000211678	0	0	0	0	0	0
ENSG00000211679	0	0	0	0	0	0
ENSG00000211680	0	0	0	0	0	0
ENSG00000211681	0	0	0	0	0	0
ENSG00000211682	0	0	0	0	0	0
ENSG00000211683	0	0	0	0	0	0
ENSG00000211684	0	0	0	0	0	0
ENSG00000211685	0	0	0	0	0	0
ENSG00000212102	0	0	0	0	0	0
ENSG00000212216	0	0	0	0	0	0
ENSG00000212542	0	0	0	0	0	0
ENSG00000212569	0	0	0	0	0	0
ENSG00000212939	0	0	0	0	0	0
ENSG00000213279	0	0	0	0	0	0
ENSG00000213683	0	98	2	0	0	2
ENSG00000213707	0	14	1	0	0	0
ENSG00000213727	0	0	0	0	0	0
ENSG00000213752	0	0	0	0	0	0
ENSG00000213790	7	103	6	2	0	3
ENSG00000213857	0	3	3	0	0	0
ENSG00000213888	0	1	0	0	0	0
ENSG00000213923	101.99999	158	64.99999	10	5	17
ENSG00000214076	0	7	1	0	0	0
ENSG00000214093	0	1	3	0	0	0
ENSG00000214125	0	0	0	0	0	0
ENSG00000214161	0	0	0	0	0	0
ENSG00000214491	1	0	0	0	0	0
ENSG00000214526	0	0	0	0	0	0
ENSG00000214727	0	0	0	0	0	0
ENSG00000215012	9	21.99999	8	1	0	0
ENSG00000215193	17	18	8	4	1	4
ENSG00000215268	0	0	0	0	0	0
ENSG00000215270	0	1	0	0	0	0
ENSG00000215333	0	4	0	0	0	0
ENSG00000215347	0	0	0	0	0	0
ENSG00000215403	0	0	0	0	0	0
ENSG00000215456	0	0	0	0	0	0
ENSG00000215464	0	0	1	0	0	0
ENSG00000215478	0	0	0	0	0	0
ENSG00000215481	0	0	0	0	0	0
ENSG00000215493	0	0	0	0	0	0
ENSG00000215498	0	0	0	0	0	0
ENSG00000215544	0	0	0	0	0	0
ENSG00000215568	0	0	0	0	0	0
ENSG00000215771	0	0	0	0	0	0
ENSG00000217261	0	0	0	0	0	0
ENSG00000217442	0	0	1	0	0	0
ENSG00000218357	0	0	0	0	0	0
ENSG00000218537	2	6	1	0	1	0
ENSG00000219438	40	35	7	2	7	4
ENSG00000220248	0	0	0	0	0	0
ENSG00000220702	0	0	0	0	0	0
ENSG00000220891	0	0	0	0	0	0
ENSG00000221039	0	0	0	0	0	0
ENSG00000221598	0	0	0	0	0	0
ENSG00000221760	0	0	0	0	0	0
ENSG00000221890	16	18	3	0	1	2
ENSG00000221963	22	8	3	3	3	2
ENSG00000222037	0	0	0	0	0	0
ENSG00000222044	0	0	0	0	0	0
ENSG00000222352	0	0	0	0	0	0
ENSG00000222585	0	0	0	0	0	0
ENSG00000222630	0	0	0	0	0	0
ENSG00000222698	0	0	0	0	0	0
ENSG00000222915	0	0	0	0	0	0
ENSG00000223056	0	0	0	0	0	0
ENSG00000223142	0	0	0	0	0	0
ENSG00000223350	0	0	0	0	0	0
ENSG00000223461	0	0	0	0	0	0
ENSG00000223553	0	0	0	0	0	0
ENSG00000223679	0	0	0	0	0	0
ENSG00000223695	0	2	0	0	0	0
ENSG00000223704	0	0	0	0	0	0
ENSG00000223726	0	0	0	0	0	0
ENSG00000223730	0	1	0	0	0	0
ENSG00000223831	0	0	0	0	0	0
ENSG00000223843	0	0	0	0	0	0
ENSG00000223875	1	0	0	0	0	2
ENSG00000223999	0	0	0	0	0	0
ENSG00000224003	0	2	0	0	0	0
ENSG00000224027	0	0	0	0	0	0
ENSG00000224050	0	1	0	0	0	1
ENSG00000224086	0	4	1	0	0	0
ENSG00000224124	0	0	0	0	0	0
ENSG00000224144	0	0	0	0	0	0
ENSG00000224192	0	0	0	0	0	0
ENSG00000224205	3	0	0	0	0	0
ENSG00000224256	0	0	0	0	0	0
ENSG00000224271	0	0	0	0	0	0
ENSG00000224277	0	0	0	0	0	0
ENSG00000224279	0	0	0	0	0	0
ENSG00000224334	0	0	0	0	0	0
ENSG00000224404	0	0	0	0	0	0
ENSG00000224435	0	0	0	0	0	0
ENSG00000224465	0	0	0	0	0	0
ENSG00000224688	0	1	0	0	0	0
ENSG00000224715	0	0	0	0	0	0
ENSG00000224794	0	0	0	0	0	0
ENSG00000224806	0	0	0	0	0	0
ENSG00000224856	5	10	2	1	0	0
ENSG00000224883	0	0	0	0	0	0
ENSG00000224973	0	0	0	0	0	0
ENSG00000225007	0	0	0	0	0	0
ENSG00000225098	0	0	0	0	0	0
ENSG00000225225	0	0	0	0	0	0
ENSG00000225255	0	9	0	0	0	0
ENSG00000225282	0	0	0	0	0	0
ENSG00000225293	0	0	0	0	0	0
ENSG00000225335	2	0	0	0	0	0
ENSG00000225413	0	0	0	0	0	0
ENSG00000225450	0	0	0	0	0	0
ENSG00000225465	0	1	2	0	0	0
ENSG00000225480	0	0	0	0	0	0
ENSG00000225528	0	2	1	0	0	0
ENSG00000225544	0	0	1	0	0	1
ENSG00000225557	0	0	0	0	0	0
ENSG00000225676	1	1	0	0	0	0
ENSG00000225720	0	0	0	0	0	0
ENSG00000225724	0	0	0	0	0	0
ENSG00000225741	0	0	0	0	0	0
ENSG00000225774	0	2	0	0	0	0
ENSG00000225783	0	0	0	0	0	0
ENSG00000225867	0	0	0	0	0	0
ENSG00000225929	0	0	0	0	0	0
ENSG00000225971	0	0	0	0	0	0
ENSG00000226024	0	0	0	0	0	0
ENSG00000226085	3	31	10	2	0	2
ENSG00000226142	0	0	1	0	0	0
ENSG00000226160	0	0	0	0	0	0
ENSG00000226169	0	0	0	0	0	0
ENSG00000226233	0	0	0	0	0	0
ENSG00000226287	6	38	10	3	2	3
ENSG00000226328	6	12	4	0	0	3
ENSG00000226336	0	0	0	0	0	0
ENSG00000226420	0	0	0	0	0	0
ENSG00000226444	0	0	0	0	0	0
ENSG00000226450	0	0	0	0	0	0
ENSG00000226471	0	4	3	0	0	0
ENSG00000226474	0	0	0	0	0	0
ENSG00000226477	0	0	0	0	0	0
ENSG00000226534	0	0	0	0	0	0
ENSG00000226573	0	0	2	0	0	0
ENSG00000226595	0	0	0	0	0	0
ENSG00000226738	0	0	0	0	0	0
ENSG00000226741	0	0	0	0	0	0
ENSG00000226772	0	0	0	0	0	0
ENSG00000226872	0	0	0	0	0	0
ENSG00000226885	0	1	0	0	0	0
ENSG00000226912	0	0	0	0	0	0
ENSG00000226954	0	0	0	0	0	0
ENSG00000226989	0	0	0	0	0	0
ENSG00000227009	0	0	0	0	0	0
ENSG00000227117	0	0	0	0	0	0
ENSG00000227188	0	0	0	0	0	0
ENSG00000227201	0	1	0	0	0	0
ENSG00000227367	0	0	0	0	0	0
ENSG00000227370	0	0	0	0	0	0
ENSG00000227413	0	0	0	0	0	0
ENSG00000227484	0	0	0	0	0	0
ENSG00000227519	0	0	0	0	0	0
ENSG00000227710	0	0	0	0	0	0
ENSG00000227755	0	0	0	0	0	0
ENSG00000227813	0	0	0	0	0	0
ENSG00000227838	0	0	0	0	0	0
ENSG00000227880	0	0	0	0	0	0
ENSG00000227895	0	0	0	0	0	0
ENSG00000228039	0	0	0	0	0	0
ENSG00000228045	0	0	0	0	0	0
ENSG00000228050	0	0	0	0	0	0
ENSG00000228122	0	0	0	0	0	0
ENSG00000228161	0	0	0	0	0	0
ENSG00000228194	0	0	0	0	0	0
ENSG00000228274	0	0	1	1	0	0
ENSG00000228315	17	4	4.00002	5	0	0
ENSG00000228587	0	0	0	0	0	0
ENSG00000228599	0	0	0	0	0	0
ENSG00000228620	0	0	0	0	1	0
ENSG00000228622	0	0	0	0	0	0
ENSG00000228719	0	0	0	0	0	0
ENSG00000228807	0	0	0	0	1	0
ENSG00000228839	0	0	0	0	0	0
ENSG00000228923	0	0	0	0	0	0
ENSG00000229027	0	0	0	0	0	0
ENSG00000229088	0	0	0	0	0	0
ENSG00000229107	0	0	0	0	0	0
ENSG00000229169	0	0	0	0	0	0
ENSG00000229266	0	0	0	0	0	0
ENSG00000229275	0	0	0	0	0	0
ENSG00000229286	0	0	0	0	0	0
ENSG00000229409	0	0	0	0	0	0
ENSG00000229492	0	0	0	0	0	0
ENSG00000229598	0	1	1	0	0	0
ENSG00000229608	0	0	0	0	0	0
ENSG00000229658	0	0	0	0	0	0
ENSG00000229673	0	0	0	0	0	0
ENSG00000229770	0	0	0	0	0	0
ENSG00000229891	1	3	0	0	0	0
ENSG00000229955	0	0	0	0	0	0
ENSG00000229971	0	0	0	0	0	0
ENSG00000229999	0	0	0	0	0	0
ENSG00000230051	0	0	0	0	0	0
ENSG00000230071	1	5	2	1	0	0
ENSG00000230107	0	0	1	0	0	0
ENSG00000230120	0	0	0	0	0	0
ENSG00000230137	0	0	0	0	0	0
ENSG00000230149	0	0	0	0	0	0
ENSG00000230194	0	0	0	0	0	0
ENSG00000230203	0	1	2	0	0	0
ENSG00000230319	0	1	0	0	0	0
ENSG00000230345	0	0	0	0	0	0
ENSG00000230471	0	0	0	0	0	0
ENSG00000230481	0	0	0	0	0	0
ENSG00000230485	0	0	0	0	0	0
ENSG00000230513	1	14	4	0	1	1
ENSG00000230634	0	0	0	0	0	0
ENSG00000230637	0	0	0	0	0	0
ENSG00000230643	0	0	0	0	0	0
ENSG00000230701	1	0	0	1	0	0
ENSG00000230712	1	0	0	0	0	0
ENSG00000230736	0	0	0	0	0	0
ENSG00000230741	0	0	0	0	0	0
ENSG00000230769	0	0	0	0	0	0
ENSG00000230821	0	0	0	0	0	0
ENSG00000230866	0	0	0	0	0	0
ENSG00000230912	0	0	0	0	0	0
ENSG00000230922	0	2	0	0	0	0
ENSG00000230947	0	0	0	0	0	0
ENSG00000231004	0	0	0	0	0	0
ENSG00000231010	0	0	0	0	0	1
ENSG00000231086	0	0	0	0	0	0
ENSG00000231253	0	0	0	0	0	0
ENSG00000231261	0	0	0	0	0	0
ENSG00000231271	0	0	0	0	0	0
ENSG00000231369	0	0	2	0	0	0
ENSG00000231392	0	0	0	0	0	0
ENSG00000231405	0	0	0	0	0	0
ENSG00000231466	1	0	0	0	0	0
ENSG00000231467	0	0	0	0	0	0
ENSG00000231495	0	0	0	0	0	0
ENSG00000231565	0	0	0	0	0	0
ENSG00000231576	0	0	0	0	0	0
ENSG00000231711	0	0	0	0	0	0
ENSG00000231801	0	0	0	0	0	0
ENSG00000231907	0	0	2	0	0	1
ENSG00000231933	0	0	0	0	0	0
ENSG00000231993	3	1	1	0	0	0
ENSG00000232050	0	0	0	0	0	0
ENSG00000232073	0	0	0	0	0	0
ENSG00000232081	0	0	0	0	0	0
ENSG00000232218	0	0	0	0	0	0
ENSG00000232254	0	0	0	0	0	0
ENSG00000232305	0	0	0	0	0	0
ENSG00000232346	361	1339	244	56	30	218
ENSG00000232350	0	0	0	0	0	0
ENSG00000232363	0	0	0	0	0	0
ENSG00000232396	0	0	0	0	0	0
ENSG00000232464	0	0	0	0	0	0
ENSG00000232515	0	0	0	0	0	0
ENSG00000232530	0	1	0	0	0	0
ENSG00000232545	0	0	0	0	0	0
ENSG00000232564	0	0	0	0	0	0
ENSG00000232603	0	0	0	0	0	0
ENSG00000232655	0	0	0	0	0	0
ENSG00000232707	0	0	0	0	0	0
ENSG00000232710	0	0	0	0	0	0
ENSG00000232754	0	0	0	0	0	0
ENSG00000232771	0	0	0	0	0	0
ENSG00000232775	1	5	1	0	0	0
ENSG00000232897	0	0	0	0	0	0
ENSG00000232926	0	0	0	0	0	0
ENSG00000233010	0	0	0	0	0	0
ENSG00000233080	0	0	0	0	0	0
ENSG00000233157	0	0	0	0	0	0
ENSG00000233179	0	0	0	0	0	0
ENSG00000233360	0	0	0	0	0	0
ENSG00000233388	0	0	0	0	0	0
ENSG00000233408	0	0	0	0	0	0
ENSG00000233471	0	0	0	0	0	0
ENSG00000233521	0	0	0	0	0	0
ENSG00000233574	0	0	0	0	0	0
ENSG00000233577	0	0	0	0	0	0
ENSG00000233603	0	0	0	0	0	0
ENSG00000233632	0	0	0	0	0	0
ENSG00000233720	0	0	0	0	0	0
ENSG00000233733	0	0	0	0	0	0
ENSG00000233739	0	0	0	0	0	0
ENSG00000233764	0	0	0	0	0	0
ENSG00000233866	0	0	0	0	0	0
ENSG00000233903	0	6	0	0	0	0
ENSG00000233995	0	0	0	0	0	0
ENSG00000234009	15	43	7	4	0	6
ENSG00000234121	0	0	0	0	0	0
ENSG00000234208	0	0	0	0	0	0
ENSG00000234300	0	0	0	0	0	0
ENSG00000234353	0	0	0	0	0	0
ENSG00000234381	0	0	0	0	0	0
ENSG00000234409	0	0	0	0	0	0
ENSG00000234479	0	0	0	0	0	0
ENSG00000234503	0	0	0	0	0	0
ENSG00000234626	0	0	0	0	0	0
ENSG00000234630	0	0	0	0	0	0
ENSG00000234688	0	0	0	0	0	0
ENSG00000234726	0	0	0	0	0	0
ENSG00000234735	0	0	1	0	0	0
ENSG00000234764	0	3	0	0	1	0
ENSG00000234869	0	1	0	0	0	0
ENSG00000234884	1	0	0	0	0	0
ENSG00000234891	0	0	0	0	0	0
ENSG00000234892	0	0	0	0	0	0
ENSG00000234913	0	0	0	0	0	0
ENSG00000234928	0	0	0	0	0	0
ENSG00000234965	0	0	2	0	0	0
ENSG00000234979	0	0	0	0	0	0
ENSG00000235062	0	0	0	0	0	0
ENSG00000235091	0	0	0	0	0	0
ENSG00000235111	0	0	0	0	0	0
ENSG00000235154	0	0	0	0	0	0
ENSG00000235159	0	0	0	0	0	0
ENSG00000235209	0	0	0	0	0	0
ENSG00000235237	0	0	0	0	0	0
ENSG00000235246	0	0	0	0	0	0
ENSG00000235271	0	0	0	0	0	0
ENSG00000235295	0	0	0	0	0	0
ENSG00000235328	0	0	1	0	0	0
ENSG00000235343	0	0	0	0	0	0
ENSG00000235347	0	0	0	0	0	0
ENSG00000235445	0	0	0	0	0	0
ENSG00000235478	0	0	0	0	0	0
ENSG00000235485	0	0	0	0	0	0
ENSG00000235513	0	0	0	0	0	0
ENSG00000235568	0	0	0	0	0	0
ENSG00000235573	0	0	0	0	0	0
ENSG00000235578	0	0	0	0	0	0
ENSG00000235617	0	0	0	0	0	0
ENSG00000235647	0	0	0	0	0	0
ENSG00000235689	6	0	0	0	0	0
ENSG00000235759	0	0	0	0	0	0
ENSG00000235776	2	19	3	0	4	1
ENSG00000235786	0	0	0	0	0	0
ENSG00000235954	3.99999	24	15	1	0	4
ENSG00000235969	0	0	0	0	0	0
ENSG00000235989	0	1	0	0	0	0
ENSG00000235992	0	0	0	0	0	0
ENSG00000236003	0	0	0	0	0	0
ENSG00000236052	0	0	0	0	0	0
ENSG00000236054	0	0	0	0	0	0
ENSG00000236079	0	0	0	0	0	0
ENSG00000236097	0	0	0	0	0	0
ENSG00000236117	0	0	0	0	0	0
ENSG00000236118	0	0	0	0	0	0
ENSG00000236132	0	0	0	0	0	0
ENSG00000236235	0	0	0	0	0	0
ENSG00000236272	0	0	0	0	0	0
ENSG00000236323	0	0	0	0	0	0
ENSG00000236325	0	1	0	1	0	0
ENSG00000236464	0	0	0	0	0	0
ENSG00000236499	0	1	0	0	0	0
ENSG00000236540	0	11	0	0	0	0
ENSG00000236611	0	0	0	0	0	0
ENSG00000236641	0	0	0	0	0	0
ENSG00000236666	0	0	0	0	0	0
ENSG00000236670	0	2	1	0	0	0
ENSG00000236754	0	1	0	0	0	0
ENSG00000236794	2	0	0	0	0	0
ENSG00000236831	0	0	0	0	0	0
ENSG00000236858	0	0	0	0	0	0
ENSG00000236867	0	0	0	0	0	0
ENSG00000236890	0	0	0	0	0	0
ENSG00000237015	0	0	0	0	1	0
ENSG00000237037	1	2	1	0	0	0
ENSG00000237127	0	0	0	0	0	0
ENSG00000237129	0	0	0	0	0	0
ENSG00000237214	36	141	4	3	3	12
ENSG00000237299	0	2	2	0	0	0
ENSG00000237316	0	0	0	0	0	0
ENSG00000237347	0	0	0	0	0	0
ENSG00000237358	0	0	0	0	0	0
ENSG00000237387	0	0	0	0	0	0
ENSG00000237406	1	5	2	0	0	1
ENSG00000237407	0	0	0	0	0	0
ENSG00000237428	0	0	0	0	0	0
ENSG00000237438	0	10	0	0	0	1
ENSG00000237439	0	0	0	0	0	0
ENSG00000237446	0	0	0	0	0	0
ENSG00000237472	2	8	0	0	0	0
ENSG00000237476	1	3	1	0	0	0
ENSG00000237517	0	16	5	0	0	4
ENSG00000237601	0	0	0	0	0	0
ENSG00000237668	1	14	1	0	11	1
ENSG00000237689	0	0	0	0	0	0
ENSG00000237835	0	0	0	0	0	0
ENSG00000237862	0	0	0	0	0	0
ENSG00000237948	0	0	0	0	0	0
ENSG00000237977	0	1	0	0	0	0
ENSG00000238120	0	9	5	0	0	5
ENSG00000238125	0	0	0	0	0	0
ENSG00000238153	0	1	0	0	0	0
ENSG00000238192	0	0	0	0	0	0
ENSG00000238195	0	0	0	0	0	0
ENSG00000238498	0	0	0	0	0	0
ENSG00000238584	0	0	0	0	0	0
ENSG00000238875	0	0	0	0	0	0
ENSG00000239127	0	0	0	0	0	0
ENSG00000239249	0	0	0	0	0	0
ENSG00000239282	0	31	7	0	2	1
ENSG00000239435	0	0	0	0	0	0
ENSG00000239446	0	0	0	0	0	0
ENSG00000239511	0	0	0	0	0	0
ENSG00000239547	0	0	0	0	0	0
ENSG00000239674	0	0	0	0	0	0
ENSG00000239713	1	0	0	0	0	0
ENSG00000239900	86	538	180	8	10	61
ENSG00000239989	0	0	0	0	0	0
ENSG00000240122	0	0	0	0	0	0
ENSG00000240160	0	0	0	0	0	0
ENSG00000240186	0	0	0	0	0	0
ENSG00000240591	0	0	0	0	0	0
ENSG00000240647	0	0	0	0	0	0
ENSG00000240972	1114	5574	1942.99999	214	130	613
ENSG00000241333	0	0	0	0	0	0
ENSG00000241360	78	85	26	7	11	8
ENSG00000241484	0	5	4	0	0	1
ENSG00000241527	0	0	0	0	0	0
ENSG00000241693	0	0	0	0	0	0
ENSG00000241717	0	0	0	0	0	0
ENSG00000241832	0	0	0	0	0	0
ENSG00000241838	0	0	1	0	0	0
ENSG00000241878	48	45	11	5	5	10
ENSG00000241954	0	0	0	0	0	0
ENSG00000241973	13	66	17	5	2	5
ENSG00000241990	0	17	25	0	0	13
ENSG00000242082	0	0	0	0	0	0
ENSG00000242114	23.00001	228	73	6	1	30.00001
ENSG00000242156	0	0	0	0	0	0
ENSG00000242247	38	82	25	7	5	10
ENSG00000242251	0	0	0	0	0	0
ENSG00000242259	45.00001	91	33.00001	5	1.99999	16.00001
ENSG00000242876	0	0	0	0	0	0
ENSG00000243156	7	64	24	2	1	8
ENSG00000243519	0	0	0	0	0	0
ENSG00000243762	0	0	0	0	0	0
ENSG00000243811	0	0	0	0	0	0
ENSG00000243902	0	0	0	0	0	0
ENSG00000244296	0	0	0	0	0	0
ENSG00000244425	0	0	0	0	0	0
ENSG00000244486	27	9	4	2	3	0
ENSG00000244491	0	0	0	0	0	0
ENSG00000244509	14	35	30	1	1	3
ENSG00000244625	1	10	6	0	0	1
ENSG00000244627	0	2	0	0	5	4
ENSG00000244671	0	0	0	0	0	0
ENSG00000244723	0	0	0	0	0	0
ENSG00000244752	1	0	0	0	0	0
ENSG00000248405	0	1.99999	0	0	0	0
ENSG00000248409	0	0	0	0	0	0
ENSG00000248751	0	0	3	0	0	0
ENSG00000249222	0	4	0	0	0	0
ENSG00000249263	0	0	0	0	0	0
ENSG00000249288	0	0	0	0	0	0
ENSG00000249310	0	0	0	0	0	0
ENSG00000249333	0	0	0	0	0	0
ENSG00000249590	0	1	0	0	0	0
ENSG00000249680	0	0	0	0	0	0
ENSG00000249923	0	0	0	0	0	0
ENSG00000250261	0	0	0	0	0	0
ENSG00000250318	1	2	1	0	0	0
ENSG00000250470	0	0	0	0	0	0
ENSG00000250479	276	896	373	39	21	98
ENSG00000251322	22	8	9	1	0	1
ENSG00000251357	1	0	1	0	0	2
ENSG00000251890	0	0	0	0	0	0
ENSG00000251913	0	0	0	0	0	0
ENSG00000251940	0	0	0	0	0	0
ENSG00000251952	0	0	0	0	0	0
ENSG00000251985	0	1	0	0	0	0
ENSG00000252020	0	0	0	0	0	0
ENSG00000252143	0	0	0	0	0	0
ENSG00000252225	0	0	0	0	0	0
ENSG00000252267	0	0	0	0	0	0
ENSG00000252412	0	0	0	0	0	0
ENSG00000252603	0	0	0	0	0	0
ENSG00000252859	0	0	0	0	0	0
ENSG00000252909	0	0	0	0	0	0
ENSG00000253007	0	0	0	0	0	0
ENSG00000253120	0	0	0	0	0	0
ENSG00000253126	0	0	0	0	0	0
ENSG00000253152	0	0	0	0	0	0
ENSG00000253234	0	0	0	0	0	0
ENSG00000253239	0	0	0	0	0	0
ENSG00000253242	0	0	0	0	0	0
ENSG00000253329	0	0	0	0	0	0
ENSG00000253338	0	0	0	0	0	0
ENSG00000253352	38	61	30	4	6	13
ENSG00000253448	0	0	0	0	0	0
ENSG00000253451	0	0	0	0	0	0
ENSG00000253460	0	0	0	0	0	0
ENSG00000253481	0	0	0	0	0	0
ENSG00000253546	0	0	0	0	0	0
ENSG00000253590	0	0	0	0	0	0
ENSG00000253631	0	0	0	0	0	0
ENSG00000253637	0	0	0	0	0	0
ENSG00000253691	0	0	0	0	0	0
ENSG00000253752	0	0	0	0	0	0
ENSG00000253779	0	0	0	0	0	0
ENSG00000253786	0	0	0	0	0	0
ENSG00000253794	0	0	0	0	0	0
ENSG00000253818	0	0	0	0	0	0
ENSG00000253822	0	0	0	0	0	0
ENSG00000253823	0	0	0	0	0	0
ENSG00000253874	0	0	0	0	0	0
ENSG00000253889	0	0	0	0	0	0
ENSG00000253913	0	0	0	0	0	0
ENSG00000253920	0	0	0	0	0	0
ENSG00000253935	0	0	0	0	0	0
ENSG00000253963	0	0	0	0	0	0
ENSG00000254029	0	0	0	0	0	0
ENSG00000254030	0	0	0	0	0	0
ENSG00000254073	0	0	0	0	0	0
ENSG00000254075	0	0	0	0	0	0
ENSG00000254077	0	0	0	0	0	0
ENSG00000254127	0	0	0	0	0	0
ENSG00000254161	0	0	0	0	0	0
ENSG00000254175	0	0	0	0	0	0
ENSG00000254240	0	0	0	0	0	0
ENSG00000254264	0	0	0	0	0	0
ENSG00000254308	0	0	0	0	0	0
ENSG00000254355	0	0	0	0	0	0
ENSG00000254413	0	6	0	0	0	0
ENSG00000254499	0	0	0	0	0	0
ENSG00000254709	0	0	0	0	0	0
ENSG00000254835	0	0	0	0	0	0
ENSG00000255156	0	0	0	0	0	0
ENSG00000258555	0	0	0	0	0	0
ENSG00000259271	0	0	0	0	0	0
ENSG00000259421	0	0	0	0	0	0
ENSG00000260613	0	0	0	0	0	0
ENSG00000260708	6	18	5	3	1	2
ENSG00000260924	4	1	0	0	0	2
ENSG00000261188	1	7	3	0	0	1
ENSG00000261202	0	0	0	0	0	0
ENSG00000261251	0	0	0	0	0	0
ENSG00000261675	0	0	0	0	0	0
ENSG00000263366	0	0	0	0	0	0
ENSG00000263764	0	0	0	0	0	0
ENSG00000264073	0	0	0	0	0	0
ENSG00000264139	0	0	0	0	0	0
ENSG00000264141	0	0	0	0	0	0
ENSG00000264160	0	0	0	0	0	0
ENSG00000264346	0	0	0	0	0	0
ENSG00000264661	0	0	0	0	0	0
ENSG00000264757	0	1	0	0	0	0
ENSG00000264824	0	0	0	0	0	0
ENSG00000266012	0	0	0	0	0	0
ENSG00000266320	0	0	0	0	0	0
ENSG00000266503	0	0	0	0	0	0
ENSG00000266508	0	0	0	0	0	0
ENSG00000266533	0	0	0	0	0	0
ENSG00000266594	0	0	0	0	0	0
ENSG00000266887	0	0	0	0	0	0
ENSG00000267338	0	0	0	0	0	0
ENSG00000268292	0	0	0	0	0	0
ENSG00000268812	0	0	0	0	0	0
ENSG00000268818	0	1	0	0	0	0
ENSG00000269220	5	0	0	1	2	0
ENSG00000269972	0	0	0	0	0	0
ENSG00000269987	0	0	1	0	0	0
ENSG00000270022	0	0	0	0	0	0
ENSG00000270083	0	0	0	0	0	0
ENSG00000270226	0	0	0	0	0	0
ENSG00000270393	0	0	0	0	0	0
ENSG00000271093	0	0	0	0	0	0
ENSG00000271127	0	1	3	0	0	0
ENSG00000271138	0	0	0	0	0	0
ENSG00000271181	0	0	0	0	0	0
ENSG00000271275	0	0	0	0	0	0
ENSG00000271672	0	0	0	0	0	0
ENSG00000272578	0	0	0	0	0	0
ENSG00000272582	0	0	0	0	0	0
ENSG00000272600	0	2	0	0	0	0
ENSG00000272666	1	1	0	0	0	0
ENSG00000272669	0	0	1	0	0	0
ENSG00000272682	1	0	0	0	0	0
ENSG00000272689	1	0	0	0	0	0
ENSG00000272694	0	0	0	0	0	0
ENSG00000272720	0	0	0	0	0	0
ENSG00000272733	0	0	0	0	0	0
ENSG00000272779	13	83	21	1	2	5
ENSG00000272787	0	0	0	0	0	0
ENSG00000272798	0	0	0	0	0	0
ENSG00000272821	0	8	1	0	0	1
ENSG00000272829	0	0	0	0	0	0
ENSG00000272834	0	0	0	0	0	0
ENSG00000272836	0	0	0	0	0	0
ENSG00000272858	0	0	0	0	0	0
ENSG00000272872	4	0	3	0	0	0
ENSG00000272940	0	0	1	0	0	0
ENSG00000272942	0	0	0	0	0	0
ENSG00000272954	0	0	0	0	0	0
ENSG00000272973	3	0	0	0	0	0
ENSG00000272977	1	2	1	0	1	0
ENSG00000273000	3	0	0	0	0	1
ENSG00000273032	0	0	0	0	0	0
ENSG00000273044	0	0	0	0	0	0
ENSG00000273068	0	0	0	0	0	0
ENSG00000273076	1	0	0	0	0	0
ENSG00000273082	0	0	0	0	0	0
ENSG00000273096	0	0	0	0	0	0
ENSG00000273137	0	0	0	0	0	0
ENSG00000273139	0	0	0	0	0	0
ENSG00000273145	0	9	1	0	0	1
ENSG00000273164	0	0	0	0	0	0
ENSG00000273176	0	0	0	0	0	0
ENSG00000273188	0	1	0	0	0	0
ENSG00000273192	1	1	0	0	0	0
ENSG00000273203	0	1	1	0	0	0
ENSG00000273212	0	0	0	0	0	0
ENSG00000273214	0	0	0	0	0	0
ENSG00000273216	0	0	0	0	0	0
ENSG00000273243	0	1	0	0	0	0
ENSG00000273244	0	0	0	0	0	0
ENSG00000273253	1	1	0	0	0	0
ENSG00000273272	0	0	0	0	0	0
ENSG00000273287	0	0	0	0	0	0
ENSG00000273289	0	0	0	0	0	1
ENSG00000273295	0	0	0	0	0	0
ENSG00000273300	0	0	0	0	0	0
ENSG00000273311	0	1	1	0	0	0
ENSG00000273325	0	1	0	0	0	0
ENSG00000273342	0	0	0	0	0	0
ENSG00000273343	0	0	0	0	0	0
ENSG00000273350	0	0	0	0	0	0
ENSG00000273353	0	0	0	0	0	0
ENSG00000273362	0	0	0	0	0	0
ENSG00000273366	1	2	1	0	0	0
ENSG00000273387	0	1	0	0	0	0
ENSG00000273424	0	0	1	0	0	0
ENSG00000273428	0	0	0	0	0	0
ENSG00000273442	0	0	0	0	0	0
ENSG00000273643	0	0	0	0	0	0
ENSG00000273846	0	0	0	0	0	0
ENSG00000273866	0	0	0	0	0	0
ENSG00000273899	20	138	41	5	0	4
ENSG00000273907	0	0	0	0	0	0
ENSG00000273979	0	0	0	0	0	0
ENSG00000274044	0	0	0	0	0	0
ENSG00000274170	0	0	0	0	0	0
ENSG00000274252	0	0	0	0	0	0
ENSG00000274280	0	0	0	0	0	0
ENSG00000274342	0	0	0	0	0	0
ENSG00000274381	0	0	0	0	0	0
ENSG00000274422	1	1	0	0	0	0
ENSG00000274457	0	0	0	0	0	0
ENSG00000274552	0	0	0	0	0	0
ENSG00000274600	0	0	0	0	0	1
ENSG00000274602	4	6	5	2	1	1
ENSG00000274617	0	0	0	0	0	0
ENSG00000274625	0	0	0	0	0	0
ENSG00000274717	0	0	0	0	0	0
ENSG00000275004	4	5	5	1	0	1
ENSG00000275060	0	0	0	0	0	0
ENSG00000275293	0	0	0	0	0	0
ENSG00000275307	0	0	0	0	0	0
ENSG00000275319	0	0	0	0	0	0
ENSG00000275361	0	0	0	0	0	0
ENSG00000275362	0	0	0	0	0	0
ENSG00000275609	0	0	0	0	0	0
ENSG00000275635	0	0	0	0	0	0
ENSG00000275656	0	0	0	0	0	0
ENSG00000275772	0	0	0	0	0	0
ENSG00000275793	0	5	0	0	0	3
ENSG00000275818	0	0	0	0	0	0
ENSG00000275840	0	0	0	0	0	0
ENSG00000275942	0	0	0	0	0	0
ENSG00000276027	0	0	0	0	0	0
ENSG00000276057	0	0	0	0	0	0
ENSG00000276095	0	0	0	0	0	0
ENSG00000276138	0	0	0	0	0	0
ENSG00000276150	0	0	0	0	0	0
ENSG00000276160	0	0	0	0	0	0
ENSG00000276162	0	0	0	0	0	0
ENSG00000276400	0	0	0	0	0	0
ENSG00000276427	0	0	0	0	0	0
ENSG00000276664	0	0	0	0	0	0
ENSG00000276675	0	0	0	0	0	0
ENSG00000276753	0	0	0	0	0	0
ENSG00000276800	0	0	0	0	0	0
ENSG00000276871	0	0	0	0	0	0
ENSG00000276874	0	0	0	0	0	0
ENSG00000276950	2	0	0	0	0	0
ENSG00000276965	0	0	0	0	0	0
ENSG00000276991	0	0	0	0	0	0
ENSG00000277017	0	0	0	0	0	0
ENSG00000277232	0	0	0	0	0	0
ENSG00000277248	0	0	0	0	0	0
ENSG00000277385	0	0	0	0	0	0
ENSG00000277460	0	0	0	0	0	0
ENSG00000277690	0	0	0	0	0	0
ENSG00000277771	0	0	0	0	0	0
ENSG00000277870	0	0	0	0	0	0
ENSG00000277872	0	0	0	0	0	0
ENSG00000277941	0	0	0	0	0	0
ENSG00000277950	0	0	0	0	0	0
ENSG00000277971	1	0	0	1	0	0
ENSG00000278008	0	0	0	0	0	0
ENSG00000278044	0	0	0	0	0	0
ENSG00000278110	0	0	0	0	0	0
ENSG00000278188	0	0	0	0	0	0
ENSG00000278195	1	0	0	0	0	0
ENSG00000278196	0	0	0	0	0	0
ENSG00000278278	0	0	0	0	0	0
ENSG00000278292	0	0	0	0	0	0
ENSG00000278404	0	0	0	0	0	0
ENSG00000278420	0	0	0	0	0	0
ENSG00000278558	2	3	0	1	0	1
ENSG00000278655	0	0	0	0	0	0
ENSG00000278657	0	0	0	0	0	0
ENSG00000278667	0	0	0	0	0	0
ENSG00000278869	0	0	0	0	0	0
ENSG00000278881	0	0	0	0	0	0
ENSG00000278890	0	0	0	0	0	0
ENSG00000278920	0	0	0	0	0	0
ENSG00000278948	0	0	0	0	0	0
ENSG00000278960	0	0	0	0	0	0
ENSG00000279006	0	0	0	0	0	0
ENSG00000279010	6	7	0	0	0	0
ENSG00000279080	0	0	0	0	0	0
ENSG00000279085	0	0	0	0	0	0
ENSG00000279110	0	0	0	0	0	0
ENSG00000279159	0	0	0	0	0	0
ENSG00000279175	0	0	0	0	0	0
ENSG00000279182	0	0	0	0	0	0
ENSG00000279217	0	0	0	0	0	0
ENSG00000279278	0	0	0	0	0	0
ENSG00000279298	0	0	0	0	0	0
ENSG00000279345	0	0	0	0	0	0
ENSG00000279440	0	0	0	0	0	0
ENSG00000279442	2	0	0	0	0	0
ENSG00000279467	0	0	0	0	0	0
ENSG00000279494	0	0	0	0	0	0
ENSG00000279548	0	0	0	0	0	0
ENSG00000279597	0	0	0	0	0	0
ENSG00000279642	0	0	0	0	0	0
ENSG00000279652	0	0	0	0	0	0
ENSG00000279699	0	0	0	0	0	0
ENSG00000279712	0	0	0	0	0	0
ENSG00000279714	0	0	0	0	0	0
ENSG00000279738	5	1	5	1	0	0
ENSG00000279805	0	0	0	0	0	0
ENSG00000279833	1	0	0	0	0	0
ENSG00000279848	0	0	0	0	0	0
ENSG00000279914	0	0	0	0	0	0
ENSG00000279920	0	0	0	0	0	0
ENSG00000279927	0	0	0	0	0	0
ENSG00000279933	0	0	0	0	0	0
ENSG00000279954	0	0	0	0	0	0
ENSG00000279973	0	0	0	0	0	0
ENSG00000279987	0	0	0	0	0	0
ENSG00000280007	0	0	0	0	0	0
ENSG00000280011	0	0	0	0	0	0
ENSG00000280025	0	0	0	0	0	0
ENSG00000280080	0	0	0	0	0	0
ENSG00000280156	0	0	0	0	0	0
ENSG00000280199	0	0	0	0	0	0
ENSG00000280216	0	0	0	0	0	0
ENSG00000280224	0	0	0	0	0	0
ENSG00000280263	0	0	0	0	0	0
ENSG00000280312	0	0	0	0	0	0
ENSG00000280341	0	0	0	0	0	0
ENSG00000280356	0	0	0	0	0	0
ENSG00000280383	0	6	2	1	0	1
ENSG00000280384	0	0	0	0	0	0
ENSG00000280395	0	0	0	0	0	0
ENSG00000280418	0	0	0	0	0	0
ENSG00000280424	0	0	0	0	0	0
ENSG00000280434	0	0	0	0	0	0
ENSG00000280445	0	0	0	0	0	0
ENSG00000280623	0	0	0	0	0	0
ENSG00000280968	0	0	0	0	0	0
ENSG00000281295	0	0	0	0	0	0
ENSG00000281530	0	0	0	0	0	0
ENSG00000281538	1	0	0	0	0	0
ENSG00000281548	0	0	0	0	0	0
ENSG00000281732	0	0	0	0	0	0
ENSG00000282012	0	0	0	0	0	0
ENSG00000282041	0	0	0	0	0	0
ENSG00000282602	0	0	0	0	0	0
ENSG00000282816	0	0	0	0	0	0
ENSG00000283023	0	0	0	1	0	0
ENSG00000283047	0	1	0	0	0	0
ENSG00000283145	0	0	0	0	0	0
ENSG00000283225	0	0	0	0	0	0
ENSG00000283366	0	0	0	0	0	0
ENSG00000283406	0	1	1	0	0	0
ENSG00000283438	0	1	0	0	0	0
ENSG00000283535	0	0	0	0	0	0
ENSG00000283583	0	0	0	0	0	0
ENSG00000283633	0	0	0	0	0	0
ENSG00000283809	0	0	0	0	0	0
ENSG00000283829	0	0	0	0	0	0
ENSG00000283871	0	0	0	0	0	0
ENSG00000283900	0	0	2	1	0	0
ENSG00000283972	0	0	0	0	0	0
ENSG00000283990	0	0	0	0	0	0
ENSG00000284015	0	0	0	0	0	0
ENSG00000284031	0	0	0	0	0	0
ENSG00000284049	0	0	0	0	0	0
ENSG00000284060	0	0	0	0	0	0
ENSG00000284070	0	0	0	0	0	0
ENSG00000284082	0	0	0	0	0	0
ENSG00000284128	0	0	0	0	0	0
ENSG00000284130	0	0	0	0	0	0
ENSG00000284140	0	0	0	0	0	0
ENSG00000284175	0	0	0	0	0	0
ENSG00000284194	51	8	2	6	10	0
ENSG00000284197	0	0	0	0	0	0
ENSG00000284233	0	0	0	0	0	0
ENSG00000284266	0	0	0	0	0	0
ENSG00000284289	0	0	0	0	0	0
ENSG00000284294	0	0	0	0	0	0
ENSG00000284431	1	5	1	0	0	0
ENSG00000284464	0	0	0	0	0	0
ENSG00000284520	0	0	0	0	0	0
ENSG00000284554	0	0	0	0	0	0
ENSG00000284621	0	0	0	0	0	0
ENSG00000284630	0	0	0	0	0	0
ENSG00000284633	0	0	0	1	0	0
ENSG00000284651	0	0	0	0	0	0
ENSG00000284654	0	0	0	0	0	0
ENSG00000284665	0	0	0	0	0	0
