"","baseMean","log2FoldChange","lfcSE","stat","pvalue","padj"
"ENSG00000189060",283.81062593686,2.69708988022885,0.23394266485146,11.5288499510825,9.43962478794158e-31,2.67141381498747e-28
"ENSG00000100097",320.663189288133,-3.4502407536345,0.350463979603509,-9.84477993298448,7.21970543401159e-23,1.02158831891264e-20
"ENSG00000099937",89.4187204275676,10.8547979271437,1.19438450003632,9.08819389971458,1.00697832514893e-19,9.49916220057158e-18
"ENSG00000100297",51.6913721517951,-3.53811456302772,0.429312121546106,-8.24135724443491,1.70268002566192e-16,1.20464611815581e-14
"ENSG00000100300",53.3189438535697,-5.8546115291153,0.715303654852127,-8.18479185643977,2.72774695479883e-16,1.54390477641614e-14
"ENSG00000100219",220.456712665224,2.38824364770232,0.303881924285712,7.85911716636647,3.86850255026107e-15,1.82464370287314e-13
"ENSG00000128283",74.6230835864606,2.42730075822785,0.326322566681467,7.43834783757756,1.01952318888866e-13,4.12178660650703e-12
"ENSG00000188064",53.0499999184049,-8.28905550835426,1.13609318791722,-7.29610528124937,2.96217150085762e-13,1.04786816842838e-11
"ENSG00000100234",20.058173674489,8.73565135573858,1.24424079531599,7.02086878088583,2.20492862487256e-12,6.93327556487705e-11
"ENSG00000185686",33.1197632207688,-7.607283745391,1.13706408274412,-6.6902858518159,2.22735082950951e-11,6.30340284751192e-10
"ENSG00000284194",15.6064392775104,4.74094836139935,0.798116923167483,5.94016769195166,2.84730669969163e-09,7.32534360011574e-08
"ENSG00000100162",20.9078885229774,-5.20783260868376,0.908557720350404,-5.73197771813028,9.92663152765354e-09,2.34103060193829e-07
"ENSG00000188677",15.440911939439,-6.48357238380412,1.18110311639411,-5.48942111303405,4.03253167074014e-08,8.77851125245738e-07
"ENSG00000093009",15.1360554231851,-6.44921692396091,1.17976431330854,-5.46652992568887,4.58930976003321e-08,9.27696187206713e-07
"ENSG00000198832",17.6348103996276,-4.81490612395875,0.911482350240296,-5.28250066793875,1.27432370799723e-07,2.40422406242145e-06
"ENSG00000100292",84.771438705412,-1.55824783525483,0.302873332114738,-5.14488292638624,2.67687696875939e-07,4.73472613849316e-06
"ENSG00000100360",13.5921543103354,-5.59286839099646,1.09109090888648,-5.12594170242357,2.96054210322857e-07,4.92843185419815e-06
"ENSG00000069998",11.4030506959398,-6.05199010779244,1.22018561280771,-4.95989302305122,7.05320103987117e-07,1.10891994126863e-05
"ENSG00000128165",7.33848440699151,5.91302281201425,1.21124490034244,4.88177313303241,1.05136171502565e-06,1.56597560711715e-05
"ENSG00000183579",25.5880062800614,2.4534384913531,0.525284620741455,4.67068403390528,3.0019839517481e-06,4.24780729172356e-05
"ENSG00000179750",11.7648508555247,-4.81464483317078,1.03611476741059,-4.64682580019907,3.37081581452334e-06,4.54257559766717e-05
"ENSG00000100243",94.286336534922,1.17034906212413,0.252967741045902,4.62647552326354,3.71940800407241e-06,4.7845112052386e-05
"ENSG00000100079",10.9158325326924,5.83595767549306,1.31713217865724,4.4308063913848,9.38813516732744e-06,0.000115514880537116
"ENSG00000099901",141.267789022578,-0.927084644180268,0.210042983242124,-4.41378535893096,1.01578673022603e-05,0.000119778185272486
"ENSG00000099953",5.81964672998652,6.8038510564364,1.56049891821102,4.36004855692975,1.30033586226631e-05,0.000147198019608546
"ENSG00000239900",64.8836082095906,-1.30546376396434,0.30104028553169,-4.33650852296615,1.44763816338012e-05,0.000157569846244836
"ENSG00000100138",159.928059260566,0.87567667749914,0.208546273424035,4.19895624660066,2.681481215667e-05,0.000281058957049541
"ENSG00000240972",783.462818248166,-0.674482112641569,0.166820950707599,-4.0431499148077,5.27378766195597e-05,0.000533029252976264
"ENSG00000075275",10.3444141342359,-3.90973728899046,0.984440825259783,-3.97153103433995,7.14121953770711e-05,0.000696884527300384
"ENSG00000128228",24.9697861190603,-1.89534412707916,0.498023387189668,-3.80573317605532,0.000141384741422952,0.00133372939408984
"ENSG00000242114",26.0720711308989,-1.81850676982946,0.490741639045578,-3.705629653449,0.00021086622780956,0.00190067818066449
"ENSG00000100364",34.6756812923041,-1.47850246163328,0.399508478232775,-3.70080371804232,0.000214917674138741,0.00190067818066449
"ENSG00000075218",6.22273208404723,-4.43295670641252,1.20215281489791,-3.68751514073441,0.000226454623218682,0.00194201995063294
"ENSG00000070010",51.7062880842413,-1.2253387055371,0.333370130657786,-3.67561035873052,0.000237281439935684,0.00197501904417054
"ENSG00000100399",3.28622407686649,6.08097974125003,1.66512849609109,3.65195824557997,0.000260248206410067,0.00205643489346637
"ENSG00000188636",5.25417515422749,-4.88246731481305,1.33969236233198,-3.64446902295855,0.000267944403605807,0.00205643489346637
"ENSG00000100129",227.573592195686,0.605521110754504,0.166188088960197,3.64358910763773,0.000268862512573341,0.00205643489346637
"ENSG00000100284",19.7645031323684,1.88571580055491,0.524340765705572,3.59635550750555,0.000322706701639038,0.00240331569904862
"ENSG00000100028",87.7095083466047,-1.08704331809098,0.305028620404409,-3.56374204050023,0.000365605260376655,0.0026529817611947
"ENSG00000128245",70.1531052204394,-0.996916514066259,0.281307856059318,-3.54386304041237,0.000394310023066347,0.0027897434131944
"ENSG00000189306",45.670095963553,-1.20359602912449,0.347324230347138,-3.46533850495123,0.000529564470225371,0.00365528646521414
"ENSG00000183762",11.3097212511869,2.42086424457433,0.712802148609937,3.39626395528598,0.000683124487743017,0.00460295785788747
"ENSG00000241990",5.98269585951861,-4.98459300822177,1.4811742123977,-3.36529826572716,0.000764609565877075,0.00503219784053982
"ENSG00000099977",87.6390427080054,-1.07586207841735,0.32148111869786,-3.3465793660762,0.000818152549836108,0.00526220844553678
"ENSG00000241360",25.1974002435517,1.40459326031901,0.450604349366556,3.11713205230606,0.00182619751753298,0.0113566238106999
"ENSG00000100106",12.4124148773896,-2.79395713533613,0.898640237529726,-3.10909418324785,0.00187661886704776,0.0113566238106999
"ENSG00000244486",6.12245409820423,2.94843645658856,0.948780131905438,3.10760771377791,0.00188608239965688,0.0113566238106999
"ENSG00000221963",6.70607922173759,2.68671857239283,0.879534208562488,3.05470616860259,0.0022528111555485,0.0131618793337823
"ENSG00000183864",22.0735108706006,1.78816804759492,0.586933748449278,3.04662673141456,0.00231424898987582,0.0131618793337823
"ENSG00000182541",6.93214459722959,2.55028553802228,0.837483026822678,3.04517877538103,0.00232542037699334,0.0131618793337823
"ENSG00000269220",2.55242603750922,5.54625979677364,1.83791382881991,3.01769305492129,0.00254706747148983,0.0141337273417965
"ENSG00000093010",106.026246271873,0.734001347616019,0.246987278588599,2.97181843457869,0.00296041699237256,0.0161115001700276
"ENSG00000100422",24.5875317654417,1.23687963964748,0.421323695952645,2.93569920592954,0.00332796853167327,0.0177700961219535
"ENSG00000186575",5.44176020132546,-3.31381255466109,1.16087334794307,-2.85458578279257,0.00430929922053581,0.0225839199891043
"ENSG00000128242",10.6880669270666,-2.27671902837558,0.810055397324105,-2.81057201260108,0.0049453520712911,0.0254460842940979
"ENSG00000128272",191.438783015291,0.757204294129676,0.275746592085042,2.74601505826099,0.00603239947471078,0.0304851616311277
"ENSG00000128311",39.7849733215302,-1.04764327246054,0.391135078591411,-2.67846922918138,0.00739595273911587,0.0367202565819262
"ENSG00000219438",12.3629386416028,1.84861940567542,0.691877035011951,2.67189010781878,0.00754253446157744,0.0368023664245934
"ENSG00000128185",24.0360983239866,-1.32081050164477,0.499006996698891,-2.64687771991655,0.0081238722757804,0.0389670483736585
"ENSG00000133460",7.80614145317923,1.95852969425868,0.747182103784647,2.621221365365,0.00876153504456218,0.0413252402935183
"ENSG00000138867",21.2636626953504,1.22461833610305,0.470196656441217,2.60448116618232,0.00920134779005171,0.0426882200751579
"ENSG00000100380",133.526713620779,0.56689849854579,0.220321787839084,2.57304783201848,0.0100807274677474,0.0454417587829531
"ENSG00000128274",4.53671537492109,-3.50769480457205,1.36388616325524,-2.57183839756838,0.0101160099057458,0.0454417587829531
"ENSG00000100290",3.62399913318925,3.58684538010746,1.40330602373396,2.55599656770764,0.0105884163284189,0.0461655838923747
"ENSG00000184470",20.1966738903245,-1.66345932396021,0.650931900948595,-2.55550438000667,0.0106034026607928,0.0461655838923747
"ENSG00000198911",53.6658320063396,0.960840658756442,0.382645688050775,2.51104530577892,0.0120374246943309,0.0516150180075097
"ENSG00000100065",19.4314196344301,1.25223741398589,0.502607080986623,2.49148382774021,0.0127210758209156,0.0537323053331211
"ENSG00000100347",35.5821952148586,-0.944238528026979,0.381941421230374,-2.47220771443233,0.0134281469480947,0.0558847880339824
"ENSG00000185608",39.4582797334827,-1.09454412483654,0.445583710049406,-2.45642760305394,0.0140326073549202,0.0573317851371351
"ENSG00000099991",20.0404746526223,1.30076580435216,0.531418983860017,2.44772174848537,0.0143762630901862,0.0573317851371351
"ENSG00000100413",19.821268235431,-1.41530817191786,0.578257877549231,-2.44753807404442,0.0143835927375851,0.0573317851371351
"ENSG00000228315",4.42817154156043,3.02573810613902,1.24238057015349,2.43543579063314,0.0148738641431738,0.0584625493405304
"ENSG00000185651",83.2060454275686,-0.639592818709551,0.264431869680465,-2.41874332122835,0.0155742255756586,0.0602550380811977
"ENSG00000184436",13.709298190947,-1.6964270242065,0.702592395954918,-2.41452516989004,0.0157557343392531,0.0602550380811977
"ENSG00000100030",57.0916281084532,0.732604004628993,0.306492920785223,2.39028034563438,0.0168355163325001,0.0635260149613002
"ENSG00000133424",10.1658420602142,1.85285924284564,0.784510057723656,2.36180431927402,0.01818623873849,0.0670741113508736
"ENSG00000213683",3.37413349951756,-4.1987657405812,1.77875394443305,-2.36050958803045,0.0182498465512978,0.0670741113508736
"ENSG00000197182",2.79915279978956,-3.94417758999154,1.67659812392496,-2.3524883713684,0.0186482728464915,0.0675076596414792
"ENSG00000100416",8.84727908678325,-1.87093067472045,0.798964765155276,-2.34169359690955,0.0191964672333346,0.0675076596414792
"ENSG00000237668",9.82204450479257,3.4834848020797,1.48834643793306,2.34050669474333,0.0192575931493818,0.0675076596414792
"ENSG00000100031",48.4951887781465,-0.7696721118406,0.329023752905855,-2.3392600231535,0.0193219803214128,0.0675076596414792
"ENSG00000100342",5.5749627464469,2.52549557487792,1.08725593028583,2.32281609557558,0.0201890340337492,0.0696767881896467
"ENSG00000183506",8.15573587131292,2.2420398886192,0.971964474555751,2.30670970731102,0.0210710087305183,0.0718445237438153
"ENSG00000100359",4.94734139601521,-2.59284104495203,1.18162365999365,-2.19430359490767,0.0282135911910667,0.0943460638202281
"ENSG00000075234",17.2226648474543,1.21472596836744,0.554014975344356,2.19258688379752,0.028337156977807,0.0943460638202281
"ENSG00000099994",7.95502661977727,-2.0262182608608,0.931558179152293,-2.17508504160699,0.0296237441882994,0.0968456947463669
"ENSG00000184319",8.93976644905631,-1.97256014684016,0.909263321195399,-2.1694047267263,0.030051970437387,0.0968456947463669
"ENSG00000099899",7.49534360780671,-1.9302926248543,0.89011812335627,-2.1685802976081,0.0301145623239586,0.0968456947463669
"ENSG00000128266",4.48745190663256,2.3420430651734,1.09251592489683,2.14371526474048,0.032055708345185,0.100831394148727
"ENSG00000100228",2.18442760503628,-3.53612368703984,1.65103567867913,-2.1417609157113,0.0322127260230395,0.100831394148727
"ENSG00000100075",68.452734457893,-0.603197996494074,0.281979074172845,-2.13915872397088,0.0324228157863397,0.100831394148727
"ENSG00000166897",2.17926064497215,-3.56168306585015,1.67137140566938,-2.13099437609662,0.0330896055019119,0.101786503880881
"ENSG00000100379",8.25622024100883,-1.79558794372594,0.846104680101755,-2.12218178903111,0.033822475210912,0.102922155749334
"ENSG00000100058",5.45330805194449,2.20563768263491,1.04221595557167,2.11629621561981,0.0343196224126472,0.103323969604034
"ENSG00000198125",2.2457802990064,-3.5124992958386,1.6909790677067,-2.07719856674645,0.0377832361083023,0.112554271775259
"ENSG00000241878",15.1189849426726,1.24703854145563,0.603867257113383,2.06508719717103,0.0389147505846773,0.114717441827747
"ENSG00000100253",1.38451611915835,4.84314827417865,2.3513759582862,2.05970817091647,0.0394264478181752,NA
"ENSG00000099999",2.4368402105268,-3.04651693385184,1.49266070628737,-2.04099760985155,0.041251064670896,0.118762466222278
"ENSG00000128342",10.4154083504513,-1.7031239836013,0.834585733377427,-2.04068188022943,0.0412824575613673,0.118762466222278
"ENSG00000100321",3.63073810930089,-2.77129290907851,1.36035957401201,-2.0371767597484,0.0416323318975527,0.118762466222278
"ENSG00000250479",140.732422960313,-0.462315363570274,0.227986154211332,-2.02782210687115,0.0425784072532344,0.118762466222278
"ENSG00000183172",37.717795915837,0.844454281188532,0.416769483511307,2.02619029127074,0.0427452881668514,0.118762466222278
"ENSG00000182944",76.8933019408923,-0.521141882676547,0.257276615270192,-2.02560921492707,0.0428048464829411,0.118762466222278
"ENSG00000184702",2.72794292409035,-3.86754288984894,1.92135602181561,-2.01292360496222,0.0441226668597769,0.121230240012785
"ENSG00000128284",1.71340837005859,4.89852902969519,2.45427503381184,1.9959169050777,0.0459429682950883,NA
"ENSG00000185340",12.6757204762443,-1.7070599201912,0.857729918888165,-1.99020680356351,0.0465681591610149,0.1267191254093
"ENSG00000100226",7.46562743936567,1.6177047809709,0.815093381631461,1.98468643891202,0.0471793685223756,0.127159631350784
"ENSG00000100029",51.969343726492,-0.706693580791625,0.364404757715952,-1.93930942400725,0.0524636720516106,0.140068105571753
"ENSG00000070413",24.0348170938787,1.01560631723081,0.532578957700632,1.90695915140097,0.0565258773727377,0.149503021462475
"ENSG00000100060",1.3610603152566,3.99301070051713,2.11415315963087,1.88870455403255,0.0589314280739886,NA
"ENSG00000184164",7.8371048640341,-1.93367062025523,1.02777768847052,-1.88140941562256,0.0599162470321944,0.157002758426954
"ENSG00000185022",6.62572768646357,1.62100563299276,0.864072231672825,1.87600709011853,0.060654306323898,0.157478611831772
"ENSG00000237517",1.90445241230472,-3.26936570221954,1.75056540097783,-1.86760557497215,0.0618170687798995,NA
"ENSG00000100316",1107.44041672034,0.236345500671869,0.126595492316322,1.86693456731711,0.0619107259023586,0.158040161566689
"ENSG00000243156",8.31282707864844,-1.51172808744608,0.809976439403986,-1.86638525999407,0.06198748386538,0.158040161566689
"ENSG00000175329",1.23775651128689,4.63694812933371,2.50910100441635,1.84805160141903,0.0645948783365653,NA
"ENSG00000025770",15.1935785796939,-1.0686530958516,0.581785963541209,-1.83684922432114,0.0662321568217648,0.16677864496072
"ENSG00000186951",6.60983400953445,1.79284651747497,0.977343885065151,1.83440705453993,0.0665935932175313,0.16677864496072
"ENSG00000238120",1.97190625255563,-3.2774227137761,1.8126479342728,-1.80808564741555,0.0705931716322483,NA
"ENSG00000128408",2.08221487475662,-2.74783746026309,1.53322233763997,-1.79219764335858,0.0731013120350338,0.181470800929075
"ENSG00000100335",20.6873308668963,0.968058597471429,0.545360419622972,1.77508041038381,0.0758846110518466,0.185684985463963
"ENSG00000100100",2.17826288517858,2.75637724048046,1.55401813674842,1.77370982699585,0.0761111601195043,0.185684985463963
"ENSG00000100376",6.518533697507,1.50080416164575,0.851951739941041,1.76160701514573,0.0781357178609006,0.188994941492606
"ENSG00000185386",1.70584692700032,-3.21586235110667,1.85011683006501,-1.73819420419719,0.0821766000103457,NA
"ENSG00000188130",11.6110032706515,-1.3502302742394,0.780695377172506,-1.72952256887906,0.0837156108099451,0.200775575078089
"ENSG00000100206",1.85860059852701,-3.17485104657582,1.86660588053963,-1.70086844774002,0.0889676926451996,NA
"ENSG00000169635",3.19098898531218,2.19939101388935,1.30964646984325,1.67937765231605,0.0930784658324907,0.221354670845335
"ENSG00000186716",21.2062117064771,0.893497563382492,0.534547482068027,1.67150270716042,0.0946224244346457,0.222363916084752
"ENSG00000100084",19.0254176263797,0.853442092559858,0.51128280130467,1.669217291061,0.0950743245450706,0.222363916084752
"ENSG00000100014",18.1517915203993,0.868303512386715,0.529269289697321,1.6405703661425,0.10088663062492,0.234023905466002
"ENSG00000100294",9.91272274360295,-1.18710025663034,0.739165850170619,-1.60599986641202,0.108273939307779,0.249118088000825
"ENSG00000056487",1.5254032008297,-3.02673808506825,1.88879843766779,-1.60246748658133,0.109052271734662,NA
"ENSG00000235954",3.74837200681564,-1.90560369497695,1.20305040332034,-1.58397660623163,0.113199042799105,0.258349428323764
"ENSG00000100056",7.1547628416327,-1.43257283132296,0.908519836275556,-1.5768206417988,0.11483680063443,0.259990516636349
"ENSG00000100036",1.47062839153954,-2.96655936447933,1.911777674418,-1.55172821828377,0.120727267791014,NA
"ENSG00000130638",85.450451422018,-0.47130080020481,0.304828958336837,-1.54611557503018,0.122076657927522,0.27329061627219
"ENSG00000182351",3.24609799283164,-2.89586273336712,1.8758317988732,-1.54377526551509,0.122642785394234,0.27329061627219
"ENSG00000100373",0.839017667450629,4.25683303578213,2.75947335278352,1.5426251648664,0.122921748632188,NA
"ENSG00000100429",3.79357971736818,1.71897372691504,1.11683295285156,1.5391502574544,0.123767618039853,0.273642468009987
"ENSG00000099968",16.3674736039762,-0.958294831754887,0.626973414094799,-1.52844572068249,0.126401910469477,0.277300315215984
"ENSG00000100410",39.3777735238735,-0.598194157363488,0.395492862685789,-1.51252832554589,0.130399512334481,0.283869707620448
"ENSG00000196588",15.2569318425189,-1.06554121716322,0.708691778066406,-1.50353263596544,0.132701747599039,0.286676294431512
"ENSG00000128191",6.51590682529347,-1.36374506552947,0.911831275905107,-1.49561119646371,0.134755003732437,0.288906561032421
"ENSG00000100325",12.7195449919876,-1.06443701576148,0.718261602125319,-1.48196285672496,0.138350178367245,0.291061145353879
"ENSG00000100220",55.4134008286072,-0.463229892485321,0.312733319163449,-1.48122973824614,0.138545364221633,0.291061145353879
"ENSG00000128294",8.75982573675746,-1.17126935531144,0.791342461794731,-1.48010426820147,0.138845422695313,0.291061145353879
"ENSG00000184058",1.51351667637702,-2.86410490047191,1.95535369168046,-1.46475029691966,0.142989056880272,NA
"ENSG00000100320",19.9105420823031,-0.778439289174023,0.531835547459563,-1.46368420255551,0.143280253802455,0.296863347796079
"ENSG00000099942",15.4218339778749,0.875441204633369,0.598752187643093,1.46210940469282,0.143711231971953,0.296863347796079
"ENSG00000133433",0.966773890932888,3.94577389649354,2.70994644436613,1.45603390232919,0.145383247861509,NA
"ENSG00000100216",75.0979299004302,-0.421515057667659,0.289669292983709,-1.45515961780376,0.145625077519494,0.298636934333454
"ENSG00000198355",30.4769326209621,0.591531009633373,0.408408519413249,1.44838068139032,0.147510614598817,0.300327366413419
"ENSG00000015475",26.8226928105657,-0.614984738273597,0.42892521047039,-1.43378081600557,0.151634821175911,0.306518959948449
"ENSG00000100353",93.0456807142428,-0.364460829930304,0.25659002539792,-1.42040139465709,0.155490857024975,0.311000294356626
"ENSG00000182841",2.65885676655773,-1.96636521154245,1.38919197192973,-1.41547406785757,0.156929546445342,0.311000294356626
"ENSG00000100281",5.18467351355037,-1.45807605403346,1.0322053034477,-1.41258337770916,0.157778259322098,0.311000294356626
"ENSG00000070371",2.36591150585347,-2.06789979867365,1.46855351793376,-1.40812014912685,0.159095495611499,0.311000294356626
"ENSG00000100258",33.9362045820744,0.581992126806464,0.413560204993878,1.40727303976232,0.159346440571416,0.311000294356626
"ENSG00000232346",195.7723553407,-0.467608549124388,0.335961236255214,-1.39185268615088,0.16396701181257,0.31660266912679
"ENSG00000170638",18.987370093848,-0.721569337717853,0.51924436782166,-1.38965270002829,0.164634364478352,0.31660266912679
"ENSG00000100150",3.16580278702795,-2.38579768237006,1.72064796096567,-1.386569325332,0.165573127317191,0.31660266912679
"ENSG00000183773",1.38725013644743,3.07430449162974,2.26468323162839,1.35749867738421,0.174622813421818,NA
"ENSG00000100109",9.87962271643463,-1.03249071936307,0.762136158551423,-1.35473262589391,0.17550275913149,0.333337455263166
"ENSG00000187051",40.8283526196682,-0.54904168275414,0.407690656983841,-1.34671146701285,0.178073177678637,0.335964728553695
"ENSG00000133466",5.97962175330497,-1.43585661041779,1.08621636737519,-1.321888210806,0.186205378703523,0.348980941543689
"ENSG00000185339",3.32961587941621,-1.75552324950935,1.33260511592581,-1.31736193154993,0.187717334983117,0.349500038159356
"ENSG00000100280",18.9947913507842,-0.831758069111301,0.639628253936773,-1.30037731133985,0.193471682258656,0.356415466987644
"ENSG00000100304",27.6807632993592,0.603241994418267,0.464396335757242,1.29898095219598,0.193950466134619,0.356415466987644
"ENSG00000100387",79.0320002169872,-0.437604719211486,0.33836091754448,-1.29330752022789,0.195904720728444,0.357684103007417
"ENSG00000073169",9.09758165499017,-0.991719869144805,0.775085241173633,-1.27949781064486,0.200721810093918,0.363965066060098
"ENSG00000130489",15.2132761198573,-0.751310633216558,0.589051304589636,-1.27545873740142,0.202146920055967,0.363965066060098
"ENSG00000197077",10.4818516779679,0.915829021201006,0.720944677659588,1.2703180279714,0.203971369020641,0.363965066060098
"ENSG00000100239",10.483064239126,0.820032745861184,0.64627263475507,1.2688650296511,0.204489206726345,0.363965066060098
"ENSG00000215193",6.46644672654517,1.05235154635552,0.83839154921335,1.2552029506296,0.20940509468967,0.370101366905396
"ENSG00000183741",9.27572880961091,-1.13811974298315,0.909496239815569,-1.25137377501851,0.21079814062589,0.370101366905396
"ENSG00000186654",15.5507846400577,-0.795352407517309,0.637063304447971,-1.24846683518602,0.21186014642641,0.370101366905396
"ENSG00000187045",3.64602333000948,1.68325912656004,1.3536392371981,1.24350645305187,0.213681264495341,0.37099262486001
"ENSG00000273899",12.5338610940647,-0.951177715652672,0.774852924317614,-1.22755904482175,0.219612544028188,0.378965548536446
"ENSG00000073150",3.61718576467911,-1.39089253582666,1.1485486315049,-1.21100012456958,0.225895356957555,0.387444763751443
"ENSG00000272779",8.51273065542303,-0.924740499881704,0.769582867293958,-1.20161263871858,0.229513642423173,0.391279281962397
"ENSG00000187860",1.38109469222063,-2.09171127025129,1.74331228182835,-1.19984886933599,0.230198040700739,NA
"ENSG00000183597",3.30060913477808,-1.61022064769944,1.34867512123579,-1.1939277460861,0.232506232939896,0.394007568395154
"ENSG00000213790",5.71856472400908,-1.35600299219071,1.13962876681616,-1.18986377992111,0.234099936461479,0.394346916777372
"ENSG00000073146",0.618878255643447,3.74507644693854,3.1488527239228,1.18934633509089,0.23430340908481,NA
"ENSG00000230701",0.618878255643447,3.74507644693854,3.1488527239228,1.18934633509089,0.23430340908481,NA
"ENSG00000277971",0.618878255643447,3.74507644693854,3.1488527239228,1.18934633509089,0.23430340908481,NA
"ENSG00000040608",1.28986889726002,-2.74889701902103,2.32507207058821,-1.18228464992296,0.237092774207922,NA
"ENSG00000100401",57.0749168178499,-0.439439053623409,0.37597639280226,-1.16879427016187,0.242486529479672,0.406057324513296
"BambuGene1",0.921179881385861,2.70277506977305,2.35521493865969,1.14757045117553,0.251145933948584,NA
"ENSG00000100105",14.8307296191097,0.779246849626085,0.685718190150137,1.13639518510581,0.255791210003246,0.42581713194658
"ENSG00000198951",7.10261469689996,-0.988199731480136,0.874184205128081,-1.13042505879565,0.258297159998916,0.427474247249668
"ENSG00000077942",31.6273283598763,0.443304223494931,0.411420231404678,1.07749738504933,0.281258118376051,0.462767718025711
"ENSG00000100263",8.38457334117586,0.787133185271622,0.742368147719384,1.06030032092535,0.289007993293603,0.467117789793195
"ENSG00000198792",22.3753326609911,-0.480893843624197,0.454734913854431,-1.05752566819213,0.290271746362089,0.467117789793195
"ENSG00000242247",17.6923732699681,0.534878820933134,0.50743989956931,1.05407324372229,0.291849384986902,0.467117789793195
"ENSG00000100023",15.3538913759566,0.631205962721603,0.600544010938888,1.05105696039626,0.293232429762614,0.467117789793195
"ENSG00000100403",14.1730769178669,0.595661613817022,0.566770314879019,1.05097532135954,0.293269924430079,0.467117789793195
"ENSG00000100241",21.7744240961407,0.487334775041703,0.464381841874557,1.04942685328628,0.29398170443163,0.467117789793195
"ENSG00000182858",11.9801817828965,-0.754371258739179,0.723374454268556,-1.04285028906912,0.297017635990089,0.467117789793195
"ENSG00000196419",238.022639905982,-0.194744714632648,0.186777175857344,-1.04265798933265,0.297106721423233,0.467117789793195
"ENSG00000100139",13.0053848981803,0.657577114591464,0.641574835625764,1.02494218612875,0.305390467684702,0.477488963286026
"ENSG00000100302",1.05512710019842,-2.29645888088251,2.24532693632845,-1.02277260550647,0.306415373335747,NA
"ENSG00000100221",17.8048419544196,0.499108195089701,0.490134158427768,1.01830934756867,0.308530967534541,0.479748702265248
"ENSG00000099940",11.7569949004866,-0.624267969856672,0.627169030253033,-0.995374356423194,0.31955422584533,0.494174021389226
"ENSG00000128218",0.820014283061434,3.48389663026789,3.53212061019805,0.98634701776861,0.323962854755095,NA
"ENSG00000228620",0.820014283061434,3.48389663026789,3.53212061019805,0.98634701776861,0.323962854755095,NA
"ENSG00000228807",0.820014283061434,3.48389663026789,3.53212061019805,0.98634701776861,0.323962854755095,NA
"ENSG00000237015",0.820014283061434,3.48389663026789,3.53212061019805,0.98634701776861,0.323962854755095,NA
"ENSG00000177989",1.65087655033686,-1.96492936650495,2.00405365898842,-0.980477422693753,0.326850508882845,NA
"ENSG00000244625",1.12192901945419,-1.818988055206,1.86795223390241,-0.973787242624447,0.330162188689909,NA
"ENSG00000099910",3.9792787082768,-1.21253698338805,1.25802880228989,-0.963838809716411,0.335126745826151,0.515439505808699
"ENSG00000128271",1.69722124189415,1.59840100674576,1.66282663840162,0.961255352681995,0.336423790855736,NA
"ENSG00000178026",6.02674185796945,0.783924019884332,0.833453070419208,0.940573677999694,0.346923376142768,0.52843759333241
"ENSG00000235776",4.46409784929073,1.30295271305314,1.38639240826003,0.939815239386942,0.347312340494093,0.52843759333241
"ENSG00000099998",0.673653064933602,2.50850895055966,2.67890080736548,0.936394861527783,0.349069922626511,NA
"ENSG00000235689",0.440278823614363,3.7445428506968,4.01839339532755,0.931850737921985,0.351413669128561,NA
"ENSG00000274602",3.05761174977439,1.15592313424596,1.25554948632747,0.920651194424107,0.357232564803075,0.53475989336715
"ENSG00000099889",2.47260399420474,1.48946495534838,1.62150381948936,0.918570118334625,0.358320467651252,0.53475989336715
"ENSG00000180957",24.4485004768018,-0.421216300471733,0.458781954425573,-0.918118719379721,0.358556715617851,0.53475989336715
"ENSG00000205643",5.73626297544668,-0.91213911828036,0.994457890552075,-0.917222465572659,0.359026076818935,0.53475989336715
"ENSG00000100201",42.2600642886919,0.401639765027463,0.439970816355761,0.912878195772641,0.361306606323752,0.535339107799067
"ENSG00000213923",31.1982104613912,0.370232640019473,0.411604650101289,0.899486047906321,0.368393824090793,0.542997146967158
"ENSG00000283023",0.54549845170772,3.51550918268454,4.02039126875361,0.874419664077723,0.381889752449826,NA
"ENSG00000284633",0.54549845170772,3.51550918268454,4.02039126875361,0.874419664077723,0.381889752449826,NA
"ENSG00000251322",3.41138329267264,1.10467164195559,1.27345737127073,0.867458673432693,0.38569074579912,0.564111696196341
"ENSG00000100266",40.8071742369098,-0.32522010689456,0.377203181662828,-0.86218813282775,0.388583998974217,0.564111696196341
"ENSG00000100099",9.28394826112527,0.611771403845643,0.709728593456652,0.861979367163553,0.388698871937408,0.564111696196341
"ENSG00000184792",1.37809766039301,-1.71015326432726,2.02407154557298,-0.844907517260289,0.398162477013023,NA
"ENSG00000128309",76.76014011527,0.209506066402203,0.252838789534301,0.82861520887712,0.407322179146294,0.585939681609341
"ENSG00000100211",7.47310405271796,-0.668852893278286,0.810632380739598,-0.825100143011858,0.409314738539866,0.585939681609341
"ENSG00000244509",6.70643365225257,-0.766215158329264,0.929894956323593,-0.823980335755934,0.409950731302648,0.585939681609341
"ENSG00000099992",5.76094465538221,-0.732947669041133,0.89419408696463,-0.819674027960918,0.412401959772135,0.586020241771039
"ENSG00000236325",0.572885856352798,2.71837683961562,3.31944826108023,0.818924298802292,0.412829605493753,NA
"ENSG00000226085",3.53765969858831,-0.98948611361722,1.2116925683312,-0.8166148241546,0.414148580756918,0.586020241771039
"ENSG00000100319",14.6976240209362,-0.496865791963922,0.615589431524469,-0.807138275154375,0.419586822645845,0.588525882651338
"ENSG00000224205",0.220139411807181,3.247006880409,4.02315042091877,0.80708065587751,0.419620016109616,NA
"ENSG00000272973",0.220139411807181,3.247006880409,4.02315042091877,0.80708065587751,0.419620016109616,NA
"ENSG00000079974",4.52127438568161,-0.927096209705781,1.15086770251173,-0.805562800730632,0.420494981891122,0.588525882651338
"ENSG00000100288",3.9642536124631,1.0620631184516,1.32314187084427,0.802682721977439,0.422158141972514,0.588525882651338
"ENSG00000100299",8.50131953265,0.559585498249526,0.710257282985208,0.787863090819133,0.430776792470313,0.597597217005385
"ENSG00000100218",0.732263622629377,-1.87189674453028,2.37643089297695,-0.787692480375626,0.430876605085167,NA
"ENSG00000272977",1.03408714567086,1.67621904475362,2.1418206836039,0.782614089772052,0.433853764995222,NA
"ENSG00000241484",0.739775693525992,-1.86123290167273,2.37861458472226,-0.782486121806934,0.433928938307131,NA
"ENSG00000260708",4.33768433786094,0.804006371481845,1.03824730660403,0.774388111934182,0.438701311638922,0.605621810701537
"ENSG00000100225",59.3140493140149,0.242755980040054,0.317329436706387,0.764996725673032,0.444273494391381,0.608424519006995
"ENSG00000100147",2.63683750993923,1.19838182731093,1.56912817216445,0.76372462655991,0.44503136195918,0.608424519006995
"ENSG00000205559",1.19530882338991,-1.4039016429627,1.84208703679798,-0.762125575457631,0.445985059825364,NA
"ENSG00000099956",41.2906788815834,0.291239608577426,0.390171785132148,0.746439439435082,0.455402002168153,0.618818476756774
"ENSG00000128394",0.926461151490336,-1.48573255622256,1.99276594640529,-0.745562999459444,0.455931441161912,NA
"ENSG00000128285",0.146759607871454,3.00142148879727,4.0261329611824,0.745484939949873,0.455978612059766,NA
"ENSG00000185666",0.146759607871454,3.00142148879727,4.0261329611824,0.745484939949873,0.455978612059766,NA
"ENSG00000225335",0.146759607871454,3.00142148879727,4.0261329611824,0.745484939949873,0.455978612059766,NA
"ENSG00000236794",0.146759607871454,3.00142148879727,4.0261329611824,0.745484939949873,0.455978612059766,NA
"ENSG00000276950",0.146759607871454,3.00142148879727,4.0261329611824,0.745484939949873,0.455978612059766,NA
"ENSG00000279442",0.146759607871454,3.00142148879727,4.0261329611824,0.745484939949873,0.455978612059766,NA
"ENSG00000100296",17.0863478127905,-0.471842515036498,0.634381278198652,-0.74378379572662,0.45700728495465,0.618818476756774
"ENSG00000275793",0.914434041524725,-2.04951824401487,2.8015635326127,-0.731562293753702,0.464435769749177,NA
"ENSG00000221890",3.26315052332797,0.880664982017288,1.20704718832437,0.729602778197784,0.465633023543182,0.623301150519287
"ENSG00000100242",31.1546157418225,0.350679035098066,0.48090671923003,0.729203858202546,0.465876971504082,0.623301150519287
"ENSG00000100207",5.28622736552622,-0.716418528558113,0.984779956883068,-0.727490972527156,0.466925243498547,0.623301150519287
"ENSG00000128340",0.905932532444973,2.12064151827102,2.97365102732163,0.713144043731683,0.475756627692455,NA
"ENSG00000278558",1.03358594628085,1.47600191095905,2.09125634390914,0.705796740441674,0.480314549420316,NA
"ENSG00000196236",9.46457973337228,0.536846098355524,0.773565103418952,0.69398955043707,0.487688762126664,0.647962064234018
"ENSG00000205560",1.57902352543295,-1.30238843652478,1.88173005478918,-0.692122886175982,0.488860160389169,NA
"ENSG00000133519",0.819592796628744,-1.9394428276654,2.82963821626662,-0.685403107901288,0.493089583420531,NA
"ENSG00000183628",0.713799213496741,-1.69231578144937,2.50962576233043,-0.674329936698566,0.500101575445027,NA
"ENSG00000054611",13.0868491560934,-0.398809948220955,0.59283882464683,-0.672712264515633,0.501130363478673,0.662709779740488
"ENSG00000100312",0.0733798039357271,2.66660044759544,4.03103607347334,0.661517386347218,0.508280568435504,NA
"ENSG00000100336",0.0733798039357271,2.66660044759544,4.03103607347334,0.661517386347218,0.508280568435504,NA
"ENSG00000100385",0.0733798039357271,2.66660044759544,4.03103607347334,0.661517386347218,0.508280568435504,NA
"ENSG00000128262",0.0733798039357271,2.66660044759544,4.03103607347334,0.661517386347218,0.508280568435504,NA
"ENSG00000130943",0.0733798039357271,2.66660044759544,4.03103607347334,0.661517386347218,0.508280568435504,NA
"ENSG00000183785",0.0733798039357271,2.66660044759544,4.03103607347334,0.661517386347218,0.508280568435504,NA
"ENSG00000203280",0.0733798039357271,2.66660044759544,4.03103607347334,0.661517386347218,0.508280568435504,NA
"ENSG00000205632",0.0733798039357271,2.66660044759544,4.03103607347334,0.661517386347218,0.508280568435504,NA
"ENSG00000214491",0.0733798039357271,2.66660044759544,4.03103607347334,0.661517386347218,0.508280568435504,NA
"ENSG00000230712",0.0733798039357271,2.66660044759544,4.03103607347334,0.661517386347218,0.508280568435504,NA
"ENSG00000231466",0.0733798039357271,2.66660044759544,4.03103607347334,0.661517386347218,0.508280568435504,NA
"ENSG00000234884",0.0733798039357271,2.66660044759544,4.03103607347334,0.661517386347218,0.508280568435504,NA
"ENSG00000239713",0.0733798039357271,2.66660044759544,4.03103607347334,0.661517386347218,0.508280568435504,NA
"ENSG00000244752",0.0733798039357271,2.66660044759544,4.03103607347334,0.661517386347218,0.508280568435504,NA
"ENSG00000272682",0.0733798039357271,2.66660044759544,4.03103607347334,0.661517386347218,0.508280568435504,NA
"ENSG00000272689",0.0733798039357271,2.66660044759544,4.03103607347334,0.661517386347218,0.508280568435504,NA
"ENSG00000273076",0.0733798039357271,2.66660044759544,4.03103607347334,0.661517386347218,0.508280568435504,NA
"ENSG00000278195",0.0733798039357271,2.66660044759544,4.03103607347334,0.661517386347218,0.508280568435504,NA
"ENSG00000279833",0.0733798039357271,2.66660044759544,4.03103607347334,0.661517386347218,0.508280568435504,NA
"ENSG00000281538",0.0733798039357271,2.66660044759544,4.03103607347334,0.661517386347218,0.508280568435504,NA
"ENSG00000100311",2.05676723389173,-1.03048552153393,1.56349490441578,-0.659091064910751,0.509837292994176,NA
"ENSG00000234764",0.902176496996666,1.92127014766132,2.94010032799147,0.653470947698522,0.513452713019577,NA
"ENSG00000228274",0.63141670109126,2.13069952764173,3.26892946697812,0.651803457115091,0.514527971170924,NA
"ENSG00000100154",4.98821620740339,-0.650676704465086,1.0228386278462,-0.636147957997265,0.524679989651486,0.690625288704048
"ENSG00000253352",17.5078449655768,0.352034930694606,0.565324106535422,0.622713460517446,0.533472835641628,0.698948205956392
"ENSG00000100003",2.7358072872536,-0.90020282730559,1.49699898488452,-0.601338301759123,0.54761468361941,0.71110757248492
"ENSG00000099949",6.42534909070839,-0.498874716004419,0.833888991091021,-0.598250751999634,0.549672631833895,0.71110757248492
"ENSG00000196576",53.3075347875427,0.244957545820919,0.410092244899046,0.597323038579336,0.550291725703878,0.71110757248492
"ENSG00000218537",1.21701656818689,1.1747274963692,1.96737715276418,0.597103353934298,0.550438378803521,NA
"ENSG00000100418",24.4526239397337,-0.285104821493984,0.488157981349959,-0.584042118302667,0.559191975538382,0.719108287559138
"ENSG00000273145",0.591570563955683,-1.52080036261515,2.60527459891444,-0.583738989835787,0.559395930920339,NA
"ENSG00000261188",0.782012057368334,-1.2043021544045,2.07151400057518,-0.58136327056931,0.560995646455676,NA
"ENSG00000099904",3.07376766226451,-0.791692512777501,1.36376832804427,-0.580518330347824,0.561565129153956,0.719108287559138
"ENSG00000128335",9.87236252568985,0.643397884000194,1.11943405658149,0.574752822837097,0.565458477239055,0.720832202966903
"ENSG00000100209",14.1228394513545,0.341909135609188,0.601382822727234,0.568538246667325,0.569669543074482,0.722943859596765
"ENSG00000230513",1.87965642232885,-0.902245159600847,1.59922870652617,-0.564175190151943,0.572634910630633,NA
"ENSG00000185133",1.95531176023194,0.978096239494282,1.74503038535606,0.560503844346933,0.575135818206186,NA
"ENSG00000183963",17.6095688892689,0.457248592868309,0.816339310818868,0.56012075715139,0.575397073047342,0.725369644421725
"ENSG00000100151",5.66867172846637,-0.50423183268455,0.906327816416106,-0.556345974989971,0.577974363586828,0.725369644421725
"ENSG00000244627",5.19150891566311,1.92496017995854,3.47183309479502,0.554450668393146,0.579270458089434,0.725369644421725
"ENSG00000279738",1.36937612294913,1.08059131596898,1.9588628279144,0.551642157158848,0.581193547161707,NA
"ENSG00000224856",1.35810801660421,0.967528796574044,1.76442288061047,0.548354256344312,0.58344867943792,NA
"ENSG00000272821",0.564183159310605,-1.43995360110702,2.64395752863795,-0.544620549123881,0.586014518724242,NA
"ENSG00000183530",5.66461140861133,0.512438775976579,0.951068009659903,0.538803503820747,0.590022445701322,0.730017932667361
"ENSG00000206195",17.3698473996193,-0.29784052452271,0.555172938189908,-0.536482425627215,0.591625178746616,0.730017932667361
"ENSG00000100092",4.37085712067791,0.635319733660123,1.18485136426094,0.536202052699168,0.59181891500653,0.730017932667361
"ENSG00000100077",7.45129813726103,0.409130114910045,0.766076785120552,0.534058886597984,0.593300793333898,0.730017932667361
"ENSG00000184068",1.84077074688252,0.805321702612864,1.51645144260356,0.531056702501615,0.595379486751991,NA
"ENSG00000273000",0.479305084573627,1.90249044054177,3.6152631596184,0.526238438681898,0.598722549854327,NA
"ENSG00000131100",67.9630601241611,-0.154062598225109,0.296041665874851,-0.520408496452109,0.602778889429026,0.738469375361101
"ENSG00000159873",15.8809722814068,0.314195246428743,0.612291881591201,0.513146190363041,0.60784906297441,0.741471055266198
"ENSG00000205593",1.21532474265131,-0.923635560979974,1.83901251249317,-0.502245392407794,0.61549491634304,NA
"ENSG00000239282",3.34963152857149,-0.838292422090447,1.67041811807247,-0.501845863033243,0.61577594904145,0.744801147129763
"ENSG00000226328",1.89009769518879,-0.816597352985594,1.62832342545791,-0.501495796362418,0.616022235532792,NA
"ENSG00000100393",10.5395192776566,0.323725915896316,0.65258678743188,0.496065691385313,0.619848064149936,0.744801147129763
"ENSG00000183765",10.519234625092,-0.39194608579209,0.791839568209496,-0.494981687614268,0.620613046994222,0.744801147129763
"ENSG00000231993",0.333445065835799,1.58919010922025,3.24252058662943,0.490109489442657,0.624056423474722,NA
"ENSG00000184117",50.0139528856576,-0.164221212220623,0.335784915440589,-0.489066675330385,0.62479449340953,0.744801147129763
"ENSG00000100142",44.2670314508295,-0.182278905217566,0.375538978589652,-0.485379456220816,0.627407202379309,0.744801147129763
"ENSG00000128159",2.71040437956394,-0.634711315420289,1.30820073361105,-0.485178840764201,0.627549490019594,0.744801147129763
"ENSG00000128298",4.16231346641757,-0.508945748471442,1.05342897192436,-0.483132476926017,0.629001675491213,0.744801147129763
"ENSG00000225676",0.100767208580805,1.92592799874352,4.0102514698207,0.480251179567456,0.6310487987873,NA
"ENSG00000272666",0.100767208580805,1.92592799874352,4.0102514698207,0.480251179567456,0.6310487987873,NA
"ENSG00000273192",0.100767208580805,1.92592799874352,4.0102514698207,0.480251179567456,0.6310487987873,NA
"ENSG00000273253",0.100767208580805,1.92592799874352,4.0102514698207,0.480251179567456,0.6310487987873,NA
"ENSG00000274422",0.100767208580805,1.92592799874352,4.0102514698207,0.480251179567456,0.6310487987873,NA
"ENSG00000203618",0.777497018299338,-1.78215861369375,3.75620722566605,-0.474456947294152,0.635174092017763,NA
"ENSG00000279010",0.631990656129905,1.45262975292356,3.12103891775779,0.465431476890124,0.641622497232874,NA
"ENSG00000100345",114.317975342844,-0.111509405437755,0.240452007543642,-0.46374911391628,0.642827504768812,0.756491096518067
"ENSG00000100330",7.34969434180211,0.376466016691876,0.815203540674466,0.461806159944305,0.644220333077223,0.756491096518067
"ENSG00000283900",0.7173349504748,1.36805156785147,3.19601151499677,0.428049636690013,0.66861498270089,NA
"ENSG00000100307",0.430456238968296,1.49220684933239,3.53295683788512,0.422367698730687,0.672756651111549,NA
"ENSG00000237438",0.53303971921722,-1.32805308312623,3.26064382446242,-0.407297808231228,0.683789272368565,NA
"ENSG00000198089",1.998820210178,-0.753237647473351,1.89821915711879,-0.396812794059381,0.691505515391818,NA
"ENSG00000167074",1.60313927072497,0.705332186289851,1.80686396441689,0.390362639457186,0.69626841020222,NA
"ENSG00000100038",4.53408840914838,-0.403427175006467,1.05137777666733,-0.383712861313519,0.701191279066296,0.819988148660172
"ENSG00000237406",0.64131899869464,-0.837142313757249,2.22158958069041,-0.376821317957878,0.706306397146384,NA
"ENSG00000213707",0.469341914414624,-1.24671537397341,3.35924010242759,-0.371130177051785,0.710540575497893,NA
"ENSG00000242259",16.3238045353297,-0.216627460004179,0.586989092977779,-0.36904852678818,0.712091554587826,0.829038082029229
"ENSG00000100034",9.87630294249765,0.241118489509998,0.659817811165471,0.365431919887245,0.714789017721314,0.829038082029229
"ENSG00000230071",0.927651777635914,0.736973607038614,2.08521434452661,0.353428226202771,0.723767428022497,NA
"ENSG00000169184",0.449466580666161,-1.16388033546059,3.32669624182506,-0.34986071791817,0.726443228709692,NA
"ENSG00000100083",12.7719906272005,0.213997333052565,0.618786533921793,0.345833855976595,0.729467579894224,0.840168941294377
"ENSG00000138942",7.24822447576274,-0.30696284032303,0.890534147720296,-0.344695193450844,0.73032353200854,0.840168941294377
"ENSG00000093072",0.0273874046450775,1.3802836265219,4.02086737991937,0.343280067732445,0.731387774428058,NA
"ENSG00000100276",0.0273874046450775,1.3802836265219,4.02086737991937,0.343280067732445,0.731387774428058,NA
"ENSG00000100285",0.0273874046450775,1.3802836265219,4.02086737991937,0.343280067732445,0.731387774428058,NA
"ENSG00000161103",0.0273874046450775,1.3802836265219,4.02086737991937,0.343280067732445,0.731387774428058,NA
"ENSG00000161149",0.0273874046450775,1.3802836265219,4.02086737991937,0.343280067732445,0.731387774428058,NA
"ENSG00000168135",0.0273874046450775,1.3802836265219,4.02086737991937,0.343280067732445,0.731387774428058,NA
"ENSG00000183066",0.0273874046450775,1.3802836265219,4.02086737991937,0.343280067732445,0.731387774428058,NA
"ENSG00000183307",0.0273874046450775,1.3802836265219,4.02086737991937,0.343280067732445,0.731387774428058,NA
"ENSG00000211643",0.0273874046450775,1.3802836265219,4.02086737991937,0.343280067732445,0.731387774428058,NA
"ENSG00000211649",0.0273874046450775,1.3802836265219,4.02086737991937,0.343280067732445,0.731387774428058,NA
"ENSG00000213888",0.0273874046450775,1.3802836265219,4.02086737991937,0.343280067732445,0.731387774428058,NA
"ENSG00000215270",0.0273874046450775,1.3802836265219,4.02086737991937,0.343280067732445,0.731387774428058,NA
"ENSG00000223730",0.0273874046450775,1.3802836265219,4.02086737991937,0.343280067732445,0.731387774428058,NA
"ENSG00000224688",0.0273874046450775,1.3802836265219,4.02086737991937,0.343280067732445,0.731387774428058,NA
"ENSG00000226885",0.0273874046450775,1.3802836265219,4.02086737991937,0.343280067732445,0.731387774428058,NA
"ENSG00000227201",0.0273874046450775,1.3802836265219,4.02086737991937,0.343280067732445,0.731387774428058,NA
"ENSG00000230319",0.0273874046450775,1.3802836265219,4.02086737991937,0.343280067732445,0.731387774428058,NA
"ENSG00000232530",0.0273874046450775,1.3802836265219,4.02086737991937,0.343280067732445,0.731387774428058,NA
"ENSG00000234869",0.0273874046450775,1.3802836265219,4.02086737991937,0.343280067732445,0.731387774428058,NA
"ENSG00000235989",0.0273874046450775,1.3802836265219,4.02086737991937,0.343280067732445,0.731387774428058,NA
"ENSG00000236499",0.0273874046450775,1.3802836265219,4.02086737991937,0.343280067732445,0.731387774428058,NA
"ENSG00000236754",0.0273874046450775,1.3802836265219,4.02086737991937,0.343280067732445,0.731387774428058,NA
"ENSG00000237977",0.0273874046450775,1.3802836265219,4.02086737991937,0.343280067732445,0.731387774428058,NA
"ENSG00000238153",0.0273874046450775,1.3802836265219,4.02086737991937,0.343280067732445,0.731387774428058,NA
"ENSG00000248405",0.0273874046450775,1.3802836265219,4.02086737991937,0.343280067732445,0.731387774428058,NA
"ENSG00000249590",0.0273874046450775,1.3802836265219,4.02086737991937,0.343280067732445,0.731387774428058,NA
"ENSG00000251985",0.0273874046450775,1.3802836265219,4.02086737991937,0.343280067732445,0.731387774428058,NA
"ENSG00000264757",0.0273874046450775,1.3802836265219,4.02086737991937,0.343280067732445,0.731387774428058,NA
"ENSG00000268818",0.0273874046450775,1.3802836265219,4.02086737991937,0.343280067732445,0.731387774428058,NA
"ENSG00000273188",0.0273874046450775,1.3802836265219,4.02086737991937,0.343280067732445,0.731387774428058,NA
"ENSG00000273243",0.0273874046450775,1.3802836265219,4.02086737991937,0.343280067732445,0.731387774428058,NA
"ENSG00000273325",0.0273874046450775,1.3802836265219,4.02086737991937,0.343280067732445,0.731387774428058,NA
"ENSG00000273387",0.0273874046450775,1.3802836265219,4.02086737991937,0.343280067732445,0.731387774428058,NA
"ENSG00000283047",0.0273874046450775,1.3802836265219,4.02086737991937,0.343280067732445,0.731387774428058,NA
"ENSG00000283438",0.0273874046450775,1.3802836265219,4.02086737991937,0.343280067732445,0.731387774428058,NA
"ENSG00000128203",0.478264909927066,-1.15049469032112,3.38330938166042,-0.34005009904134,0.73381879994761,NA
"ENSG00000099917",20.2703388144987,0.179876161623447,0.532767960532789,0.337625711282569,0.735645264006523,0.842864816655247
"ENSG00000185838",4.24721956362796,-0.378601907675,1.16257051804494,-0.325659305649419,0.744682136519898,0.84977840578682
"ENSG00000205704",0.332545476702173,1.2952851812365,3.99856013958394,0.323937901649588,0.745985048451966,NA
"ENSG00000184076",142.636053965116,0.0862131114977152,0.270543778938866,0.318666028233444,0.749979778157967,0.852386655496806
"ENSG00000229891",0.155542017870959,1.21877075178042,3.99526391168496,0.305053878472427,0.760325117583562,NA
"ENSG00000100324",9.42413694162543,0.226792981275147,0.753555459661139,0.300963888413909,0.763442031434653,0.864216379584027
"ENSG00000172250",0.677629398852159,-0.800281229675669,2.80592640341265,-0.285211054966496,0.775482451319106,NA
"ENSG00000251357",0.677629398852159,-0.800281229675669,2.80592640341265,-0.285211054966496,0.775482451319106,NA
"ENSG00000167065",0.733163211763003,-0.674556249909515,2.42762491009152,-0.277866752439974,0.781114646911799,NA
"ENSG00000167037",0.390935735927699,-0.965581127247823,3.50896657245782,-0.275175356421675,0.783181519104982,NA
"ENSG00000272872",0.551273963893528,0.913741479276418,3.38393831686916,0.270023089582146,0.787142490259059,NA
"ENSG00000231907",0.431002171533525,-0.943284286205834,3.62799697646518,-0.260001398106151,0.794862695144094,NA
"ENSG00000184708",7.17222428066392,0.21547759601989,0.831224401316466,0.259229151211904,0.795458440242808,0.890898978362299
"ENSG00000184979",5.12279102639542,0.252937989044761,0.978142533038564,0.258590113916239,0.795951511820199,0.890898978362299
"ENSG00000100395",7.54726101676171,-0.210138332272042,0.820280488027732,-0.256178630772133,0.797812908360749,0.890898978362299
"ENSG00000025708",12.3799383850777,-0.164357787289899,0.647440452445851,-0.253857766639389,0.799605443477116,0.890898978362299
"ENSG00000185252",2.6536381160097,0.355146663060655,1.43165589287944,0.248067056355534,0.804082524293175,0.892373938725367
"ENSG00000099995",47.6452157388825,-0.0825576890321918,0.338621292487041,-0.243805368604667,0.807381562236172,0.892535086378268
"ENSG00000182257",0.0547748092901549,0.972401404052683,4.01281369423003,0.242324084332868,0.808529053205917,NA
"ENSG00000188263",0.0547748092901549,0.972401404052683,4.01281369423003,0.242324084332868,0.808529053205917,NA
"ENSG00000223695",0.0547748092901549,0.972401404052683,4.01281369423003,0.242324084332868,0.808529053205917,NA
"ENSG00000224003",0.0547748092901549,0.972401404052683,4.01281369423003,0.242324084332868,0.808529053205917,NA
"ENSG00000225774",0.0547748092901549,0.972401404052683,4.01281369423003,0.242324084332868,0.808529053205917,NA
"ENSG00000230922",0.0547748092901549,0.972401404052683,4.01281369423003,0.242324084332868,0.808529053205917,NA
"ENSG00000272600",0.0547748092901549,0.972401404052683,4.01281369423003,0.242324084332868,0.808529053205917,NA
"ENSG00000184208",1.08055764766244,-0.464840034951975,1.92954001672026,-0.240907175245885,0.809627060857985,NA
"ENSG00000226471",0.367304366730929,-0.856143087900162,3.60715046715816,-0.237346097895013,0.812388302643287,NA
"ENSG00000177663",5.52662861773247,0.210481913156309,0.902976990735769,0.233097759207355,0.815685494878885,0.898206206423052
"ENSG00000100246",5.03851348338498,-0.194888750259407,0.92611380501921,-0.210437150599828,0.833326499764637,0.914075191602295
"ENSG00000099954",0.339916962085851,-0.757902267396048,3.73011639400912,-0.203184616065413,0.838990736644091,NA
"ENSG00000213857",0.339916962085851,-0.757902267396048,3.73011639400912,-0.203184616065413,0.838990736644091,NA
"ENSG00000237037",0.214072862609422,0.741803344993453,3.6810104340546,0.201521663217989,0.84029069208307,NA
"ENSG00000250318",0.214072862609422,0.741803344993453,3.6810104340546,0.201521663217989,0.84029069208307,NA
"ENSG00000273366",0.214072862609422,0.741803344993453,3.6810104340546,0.201521663217989,0.84029069208307,NA
"ENSG00000184983",86.7806971345296,-0.0654350463131707,0.328533404382263,-0.199173190428557,0.842127270199958,0.920162229600726
"ENSG00000099957",0.0859182493835397,0.749645152829188,4.00920693528828,0.186980907927439,0.851675602210767,NA
"ENSG00000099958",0.0859182493835397,0.749645152829188,4.00920693528828,0.186980907927439,0.851675602210767,NA
"ENSG00000100033",0.0859182493835397,0.749645152829188,4.00920693528828,0.186980907927439,0.851675602210767,NA
"ENSG00000100053",0.0859182493835397,0.749645152829188,4.00920693528828,0.186980907927439,0.851675602210767,NA
"ENSG00000100197",0.0859182493835397,0.749645152829188,4.00920693528828,0.186980907927439,0.851675602210767,NA
"ENSG00000128253",0.0859182493835397,0.749645152829188,4.00920693528828,0.186980907927439,0.851675602210767,NA
"ENSG00000128268",0.0859182493835397,0.749645152829188,4.00920693528828,0.186980907927439,0.851675602210767,NA
"ENSG00000172404",0.0859182493835397,0.749645152829188,4.00920693528828,0.186980907927439,0.851675602210767,NA
"ENSG00000182902",0.0859182493835397,0.749645152829188,4.00920693528828,0.186980907927439,0.851675602210767,NA
"ENSG00000184949",0.0859182493835397,0.749645152829188,4.00920693528828,0.186980907927439,0.851675602210767,NA
"ENSG00000215464",0.0859182493835397,0.749645152829188,4.00920693528828,0.186980907927439,0.851675602210767,NA
"ENSG00000217442",0.0859182493835397,0.749645152829188,4.00920693528828,0.186980907927439,0.851675602210767,NA
"ENSG00000226142",0.0859182493835397,0.749645152829188,4.00920693528828,0.186980907927439,0.851675602210767,NA
"ENSG00000230107",0.0859182493835397,0.749645152829188,4.00920693528828,0.186980907927439,0.851675602210767,NA
"ENSG00000234735",0.0859182493835397,0.749645152829188,4.00920693528828,0.186980907927439,0.851675602210767,NA
"ENSG00000235328",0.0859182493835397,0.749645152829188,4.00920693528828,0.186980907927439,0.851675602210767,NA
"ENSG00000241838",0.0859182493835397,0.749645152829188,4.00920693528828,0.186980907927439,0.851675602210767,NA
"ENSG00000269987",0.0859182493835397,0.749645152829188,4.00920693528828,0.186980907927439,0.851675602210767,NA
"ENSG00000272669",0.0859182493835397,0.749645152829188,4.00920693528828,0.186980907927439,0.851675602210767,NA
"ENSG00000272940",0.0859182493835397,0.749645152829188,4.00920693528828,0.186980907927439,0.851675602210767,NA
"ENSG00000273424",0.0859182493835397,0.749645152829188,4.00920693528828,0.186980907927439,0.851675602210767,NA
"ENSG00000183246",0.259165672766446,0.749645033600119,4.00920693349032,0.186980878272476,0.851675625461979,NA
"ENSG00000231010",0.259165672766446,0.749645033600119,4.00920693349032,0.186980878272476,0.851675625461979,NA
"ENSG00000273289",0.259165672766446,0.749645033600119,4.00920693349032,0.186980878272476,0.851675625461979,NA
"ENSG00000274600",0.259165672766446,0.749645033600119,4.00920693349032,0.186980878272476,0.851675625461979,NA
"ENSG00000100271",0.873996855949634,-0.371895835264189,2.04712450739064,-0.181667423706546,0.855843732628032,NA
"ENSG00000100196",11.3154427390597,-0.134776266968176,0.747418323378754,-0.180322401461755,0.856899470098696,0.930598318585544
"ENSG00000186998",0.49184353002144,0.54208329527658,3.03321354990103,0.178715835980051,0.858160834061335,NA
"ENSG00000161179",37.1054891089351,-0.0646484561347265,0.370061087485739,-0.174696714463981,0.861317949553762,0.930598318585544
"ENSG00000100354",3.83838844782192,0.203252861939652,1.1653744425122,0.17440991884248,0.861543319679902,0.930598318585544
"ENSG00000169548",1.71764250820784,0.272211786334946,1.57020695549341,0.173360451233901,0.862368109713472,NA
"ENSG00000280383",1.14082505111171,-0.349010764357326,2.02613547907942,-0.17225440646047,0.863237526874891,NA
"ENSG00000172346",0.308773521992467,-0.656414638905083,3.84295157283491,-0.170810021012274,0.864373149249758,NA
"ENSG00000223875",0.591711149468619,-0.580934084319637,3.43667676149323,-0.169039489203291,0.865765580427149,NA
"ENSG00000100314",0.0821622139352323,0.673128165575692,4.0059195741308,0.168033369896535,0.866557026925001,NA
"ENSG00000185065",0.0821622139352323,0.673128165575692,4.0059195741308,0.168033369896535,0.866557026925001,NA
"ENSG00000197421",0.0821622139352323,0.673128165575692,4.0059195741308,0.168033369896535,0.866557026925001,NA
"ENSG00000184381",0.305017486544159,-0.655262814811378,3.90149859624985,-0.167951570055984,0.866621379259174,NA
"ENSG00000236540",0.301261451095852,-0.65321815951493,3.96077386092901,-0.164921851751899,0.869005492700133,NA
"ENSG00000099974",4.73859058395537,0.195019831847657,1.20667262156987,0.16161784759311,0.871606801744933,0.937888687809186
"ENSG00000237476",0.241460267254499,0.540736928800444,3.52062549234924,0.153591153042416,0.877932113014458,NA
"ENSG00000237472",0.365858845032074,0.563256412434971,3.76511919716251,0.14959856061382,0.881081343867884,NA
"ENSG00000100124",13.0337290624423,-0.129335174510249,0.882053201442496,-0.146629675283459,0.88342432935394,0.947004110633201
"ENSG00000214076",0.277630081899082,-0.547339079158158,3.96315001383119,-0.138107080793806,0.89015578974146,NA
"ENSG00000187792",0.500625940020945,-0.338906504817337,2.46292204500675,-0.137603423341971,0.8905538498338,NA
"BambuGene3",0.281386117347389,-0.544522401289463,3.96321548411304,-0.137394094131959,0.890719298979597,NA
"ENSG00000133488",0.285142152795696,-0.541632523873236,3.96328278021428,-0.13666259863596,0.891297494050618,NA
"ENSG00000214093",0.285142152795696,-0.541632523873236,3.96328278021428,-0.13666259863596,0.891297494050618,NA
"ENSG00000271127",0.285142152795696,-0.541632523873236,3.96328278021428,-0.13666259863596,0.891297494050618,NA
"ENSG00000226287",6.39420363350807,0.12453667666946,0.918459558914027,0.135592988782991,0.892143048402536,0.951472438732544
"ENSG00000100426",9.83775999454717,0.0933926215988962,0.708900071352977,0.131742999292765,0.895187573394611,0.951472438732544
"ENSG00000275004",1.66471161036016,0.203816134896718,1.55751864345593,0.130859515392044,0.895886441248923,NA
"ENSG00000234009",6.61677104788857,0.112021583623946,0.892227532879665,0.125552708805563,0.900085999526817,0.951472438732544
"ENSG00000093000",22.5391157952828,0.0572905545667679,0.460733645950367,0.124346365997632,0.901041037386296,0.951472438732544
"ENSG00000183569",0.56381240934134,0.384365914191272,3.37970149432853,0.113727769992787,0.90945359806772,NA
"ENSG00000225544",0.345083922149986,-0.438264778233833,3.93042979279428,-0.111505560800834,0.911215456219406,NA
"ENSG00000225255",0.246486641805697,-0.436970325063453,3.96580684804743,-0.110184469845927,0.912263078543379,NA
"ENSG00000229598",0.113305654028617,0.437103508767657,3.99494653974042,0.109414107152497,0.912874045034768,NA
"ENSG00000273203",0.113305654028617,0.437103508767657,3.99494653974042,0.109414107152497,0.912874045034768,NA
"ENSG00000273311",0.113305654028617,0.437103508767657,3.99494653974042,0.109414107152497,0.912874045034768,NA
"ENSG00000283406",0.113305654028617,0.437103508767657,3.99494653974042,0.109414107152497,0.912874045034768,NA
"ENSG00000248751",0.257754748150619,-0.423035982658541,3.96615595273125,-0.106661459534193,0.915057558963088,NA
"ENSG00000237214",14.0534962716811,-0.0871469695086636,0.850057777463257,-0.102518877915249,0.91834482938487,0.962640654453661
"ENSG00000075240",4.44198612174321,-0.131221468460778,1.28116375878174,-0.102423650030154,0.918420412376284,0.962640654453661
"ENSG00000100167",0.10954961858031,0.396590977661674,3.99321633536814,0.0993161763235931,0.920887235066891,NA
"ENSG00000215333",0.10954961858031,0.396590977661674,3.99321633536814,0.0993161763235931,0.920887235066891,NA
"ENSG00000249222",0.10954961858031,0.396590977661674,3.99321633536814,0.0993161763235931,0.920887235066891,NA
"ENSG00000260924",0.839237965920878,0.257452198174419,2.64897765461562,0.0971892676126695,0.92257609090051,NA
"ENSG00000100417",25.1688058373043,0.0489365885630394,0.534778242348463,0.0915081891666642,0.927088799525342,0.967831060069972
"ENSG00000100412",43.4048210608504,-0.030011933416977,0.342688517958107,-0.0875778785814058,0.930212184943577,0.967831060069972
"ENSG00000206140",1.34611550372163,0.146629918341042,1.67710496992424,0.0874303761366026,0.930329425154028,NA
"ENSG00000128346",0.226611308057234,-0.297456159610305,3.96944753240174,-0.0749364129849898,0.940265304620371,NA
"ENSG00000237299",0.226611308057234,-0.297456159610305,3.96944753240174,-0.0749364129849898,0.940265304620371,NA
"ENSG00000185721",52.8378186485379,-0.0232521640508675,0.318336450038375,-0.0730427321409926,0.941772112975725,0.976269259971173
"ENSG00000008735",1.82819906865344,-0.13479853433701,1.86019697367186,-0.0724646562943976,0.942232131687322,NA
"ENSG00000182057",0.788078606566094,-0.152664724781445,2.1188985030407,-0.0720490974732227,0.942562835213782,NA
"ENSG00000232775",0.296235076544654,0.215780475084194,3.28373197955159,0.0657119632259573,0.94760714772422,NA
"ENSG00000284431",0.296235076544654,0.215780475084194,3.28373197955159,0.0657119632259573,0.94760714772422,NA
"ENSG00000100116",3.42820593234571,0.072611341465548,1.11403418783148,0.0651787371147824,0.948031690448338,0.97917141750686
"ENSG00000133422",10.9679975942791,0.0365171720539657,0.672072082527179,0.0543352015406606,0.956668104192269,0.984498449041499
"ENSG00000186976",0.140693058673695,0.19947404451485,3.98538693985861,0.0500513620195501,0.960081458607618,NA
"ENSG00000225528",0.140693058673695,0.19947404451485,3.98538693985861,0.0500513620195501,0.960081458607618,NA
"ENSG00000236670",0.140693058673695,0.19947404451485,3.98538693985861,0.0500513620195501,0.960081458607618,NA
"ENSG00000100344",0.313940482056601,-0.188530757396033,3.95458938326933,-0.0476739148174648,0.961976123417493,NA
"ENSG00000215012",2.46839817974421,0.0688438926247094,1.45615732940286,0.0472777846422272,0.962291833567316,0.986697785867936
"ENSG00000205702",0.136937023225387,0.174525658030127,3.98446243121803,0.0438015569334343,0.965062586023664,NA
"ENSG00000224050",0.286553077411523,0.167308403567861,3.98419763258938,0.0419929980880806,0.966504279911396,NA
"ENSG00000100068",0.195467867963849,-0.160638042508345,3.97334831848552,-0.0404288850692994,0.967751202113745,NA
"ENSG00000224086",0.195467867963849,-0.160638042508345,3.97334831848552,-0.0404288850692994,0.967751202113745,NA
"ENSG00000100121",0.199223903412157,-0.149511794252396,3.97368075065401,-0.0376255174066986,0.969986262375149,NA
"ENSG00000225465",0.199223903412157,-0.149511794252396,3.97368075065401,-0.0376255174066986,0.969986262375149,NA
"ENSG00000230203",0.199223903412157,-0.149511794252396,3.97368075065401,-0.0376255174066986,0.969986262375149,NA
"ENSG00000100372",20.6134449268958,0.0199630263111719,0.566865581184132,0.0352165080643474,0.971907098864146,0.992959238189723
"ENSG00000100104",11.9219671165482,0.0193504905843986,0.679715545533567,0.0284685126175962,0.977288481136747,0.994514229478831
"ENSG00000100227",27.6063683386717,0.0114516596877023,0.467503375167373,0.0244953518968766,0.980457491252982,0.994514229478831
"ENSG00000100350",18.5190481493765,-0.00644179379020395,0.503706468107992,-0.0127887851319449,0.989796303933447,0.998186624556672
"ENSG00000241973",9.88546558575344,-0.00499747844783921,0.726903458498359,-0.00687502362165538,0.994514568009519,0.998186624556672
"ENSG00000226573",0.171836498767079,0.0219581557629348,3.97911179978051,0.00551835607236419,0.995597011235681,NA
"ENSG00000231369",0.171836498767079,0.0219581557629348,3.97911179978051,0.00551835607236419,0.995597011235681,NA
"ENSG00000234965",0.171836498767079,0.0219581557629348,3.97911179978051,0.00551835607236419,0.995597011235681,NA
"ENSG00000100348",49.0277386291937,-0.0017328425125579,0.373924312718867,-0.00463420658570744,0.996302451348377,0.998186624556672
"ENSG00000233903",0.164324427870465,-0.0113012318873459,3.97801185622979,-0.00284092463667437,0.997733273143063,NA
"ENSG00000254413",0.164324427870465,-0.0113012318873459,3.97801185622979,-0.00284092463667437,0.997733273143063,NA
"ENSG00000100425",6.90175261309305,0.00180468514718618,0.794060149946096,0.00227273103594065,0.998186624556672,0.998186624556672
"ENSG00000169668",0.168080463318772,0.00478051642299993,3.97854082921667,0.00120157530818684,0.999041281843653,NA
"ENSG00000063515",0,NA,NA,NA,NA,NA
"ENSG00000077935",0,NA,NA,NA,NA,NA
"ENSG00000093100",0,NA,NA,NA,NA,NA
"ENSG00000099960",0,NA,NA,NA,NA,NA
"ENSG00000099984",0,NA,NA,NA,NA,NA
"ENSG00000099985",0,NA,NA,NA,NA,NA
"ENSG00000100012",0,NA,NA,NA,NA,NA
"ENSG00000100024",0,NA,NA,NA,NA,NA
"ENSG00000100027",0,NA,NA,NA,NA,NA
"ENSG00000100055",0,NA,NA,NA,NA,NA
"ENSG00000100078",0,NA,NA,NA,NA,NA
"ENSG00000100095",0,NA,NA,NA,NA,NA
"ENSG00000100101",0,NA,NA,NA,NA,NA
"ENSG00000100122",0,NA,NA,NA,NA,NA
"ENSG00000100146",0,NA,NA,NA,NA,NA
"ENSG00000100156",0,NA,NA,NA,NA,NA
"ENSG00000100170",0,NA,NA,NA,NA,NA
"ENSG00000100181",0,NA,NA,NA,NA,NA
"ENSG00000100191",0,NA,NA,NA,NA,NA
"ENSG00000100249",0,NA,NA,NA,NA,NA
"ENSG00000100298",0,NA,NA,NA,NA,NA
"ENSG00000100341",0,NA,NA,NA,NA,NA
"ENSG00000100346",0,NA,NA,NA,NA,NA
"ENSG00000100351",0,NA,NA,NA,NA,NA
"ENSG00000100362",0,NA,NA,NA,NA,NA
"ENSG00000100365",0,NA,NA,NA,NA,NA
"ENSG00000100368",0,NA,NA,NA,NA,NA
"ENSG00000100427",0,NA,NA,NA,NA,NA
"ENSG00000128250",0,NA,NA,NA,NA,NA
"ENSG00000128254",0,NA,NA,NA,NA,NA
"ENSG00000128276",0,NA,NA,NA,NA,NA
"ENSG00000128310",0,NA,NA,NA,NA,NA
"ENSG00000128313",0,NA,NA,NA,NA,NA
"ENSG00000128322",0,NA,NA,NA,NA,NA
"ENSG00000128383",0,NA,NA,NA,NA,NA
"ENSG00000130487",0,NA,NA,NA,NA,NA
"ENSG00000130538",0,NA,NA,NA,NA,NA
"ENSG00000130540",0,NA,NA,NA,NA,NA
"ENSG00000133454",0,NA,NA,NA,NA,NA
"ENSG00000133475",0,NA,NA,NA,NA,NA
"ENSG00000133477",0,NA,NA,NA,NA,NA
"ENSG00000138892",0,NA,NA,NA,NA,NA
"ENSG00000138944",0,NA,NA,NA,NA,NA
"ENSG00000138964",0,NA,NA,NA,NA,NA
"ENSG00000159307",0,NA,NA,NA,NA,NA
"ENSG00000159496",0,NA,NA,NA,NA,NA
"ENSG00000159958",0,NA,NA,NA,NA,NA
"ENSG00000161132",0,NA,NA,NA,NA,NA
"ENSG00000161133",0,NA,NA,NA,NA,NA
"ENSG00000161180",0,NA,NA,NA,NA,NA
"ENSG00000166862",0,NA,NA,NA,NA,NA
"ENSG00000167077",0,NA,NA,NA,NA,NA
"ENSG00000169314",0,NA,NA,NA,NA,NA
"ENSG00000169575",0,NA,NA,NA,NA,NA
"ENSG00000169662",0,NA,NA,NA,NA,NA
"ENSG00000172912",0,NA,NA,NA,NA,NA
"ENSG00000172967",0,NA,NA,NA,NA,NA
"ENSG00000176177",0,NA,NA,NA,NA,NA
"ENSG00000176635",0,NA,NA,NA,NA,NA
"ENSG00000177096",0,NA,NA,NA,NA,NA
"ENSG00000177993",0,NA,NA,NA,NA,NA
"ENSG00000178248",0,NA,NA,NA,NA,NA
"ENSG00000178803",0,NA,NA,NA,NA,NA
"ENSG00000180150",0,NA,NA,NA,NA,NA
"ENSG00000181123",0,NA,NA,NA,NA,NA
"ENSG00000182824",0,NA,NA,NA,NA,NA
"ENSG00000183169",0,NA,NA,NA,NA,NA
"ENSG00000183822",0,NA,NA,NA,NA,NA
"ENSG00000184113",0,NA,NA,NA,NA,NA
"ENSG00000184459",0,NA,NA,NA,NA,NA
"ENSG00000184571",0,NA,NA,NA,NA,NA
"ENSG00000184624",0,NA,NA,NA,NA,NA
"ENSG00000185264",0,NA,NA,NA,NA,NA
"ENSG00000185837",0,NA,NA,NA,NA,NA
"ENSG00000186732",0,NA,NA,NA,NA,NA
"ENSG00000187012",0,NA,NA,NA,NA,NA
"ENSG00000187905",0,NA,NA,NA,NA,NA
"ENSG00000187979",0,NA,NA,NA,NA,NA
"ENSG00000188078",0,NA,NA,NA,NA,NA
"ENSG00000188280",0,NA,NA,NA,NA,NA
"ENSG00000188511",0,NA,NA,NA,NA,NA
"ENSG00000189269",0,NA,NA,NA,NA,NA
"ENSG00000189295",0,NA,NA,NA,NA,NA
"ENSG00000196431",0,NA,NA,NA,NA,NA
"ENSG00000197210",0,NA,NA,NA,NA,NA
"ENSG00000197549",0,NA,NA,NA,NA,NA
"ENSG00000198062",0,NA,NA,NA,NA,NA
"ENSG00000198445",0,NA,NA,NA,NA,NA
"ENSG00000199248",0,NA,NA,NA,NA,NA
"ENSG00000199515",0,NA,NA,NA,NA,NA
"ENSG00000199695",0,NA,NA,NA,NA,NA
"ENSG00000199783",0,NA,NA,NA,NA,NA
"ENSG00000199797",0,NA,NA,NA,NA,NA
"ENSG00000199865",0,NA,NA,NA,NA,NA
"ENSG00000200057",0,NA,NA,NA,NA,NA
"ENSG00000200332",0,NA,NA,NA,NA,NA
"ENSG00000200443",0,NA,NA,NA,NA,NA
"ENSG00000200448",0,NA,NA,NA,NA,NA
"ENSG00000200683",0,NA,NA,NA,NA,NA
"ENSG00000200871",0,NA,NA,NA,NA,NA
"ENSG00000200976",0,NA,NA,NA,NA,NA
"ENSG00000200985",0,NA,NA,NA,NA,NA
"ENSG00000201078",0,NA,NA,NA,NA,NA
"ENSG00000201209",0,NA,NA,NA,NA,NA
"ENSG00000201916",0,NA,NA,NA,NA,NA
"ENSG00000202019",0,NA,NA,NA,NA,NA
"ENSG00000202058",0,NA,NA,NA,NA,NA
"ENSG00000203416",0,NA,NA,NA,NA,NA
"ENSG00000203527",0,NA,NA,NA,NA,NA
"ENSG00000205634",0,NA,NA,NA,NA,NA
"ENSG00000205853",0,NA,NA,NA,NA,NA
"ENSG00000205856",0,NA,NA,NA,NA,NA
"ENSG00000206028",0,NA,NA,NA,NA,NA
"ENSG00000206066",0,NA,NA,NA,NA,NA
"ENSG00000206069",0,NA,NA,NA,NA,NA
"ENSG00000206090",0,NA,NA,NA,NA,NA
"ENSG00000206142",0,NA,NA,NA,NA,NA
"ENSG00000206145",0,NA,NA,NA,NA,NA
"ENSG00000206203",0,NA,NA,NA,NA,NA
"ENSG00000206615",0,NA,NA,NA,NA,NA
"ENSG00000206739",0,NA,NA,NA,NA,NA
"ENSG00000206813",0,NA,NA,NA,NA,NA
"ENSG00000206841",0,NA,NA,NA,NA,NA
"ENSG00000207227",0,NA,NA,NA,NA,NA
"ENSG00000207343",0,NA,NA,NA,NA,NA
"ENSG00000207455",0,NA,NA,NA,NA,NA
"ENSG00000207457",0,NA,NA,NA,NA,NA
"ENSG00000207575",0,NA,NA,NA,NA,NA
"ENSG00000207696",0,NA,NA,NA,NA,NA
"ENSG00000207751",0,NA,NA,NA,NA,NA
"ENSG00000207780",0,NA,NA,NA,NA,NA
"ENSG00000207932",0,NA,NA,NA,NA,NA
"ENSG00000208023",0,NA,NA,NA,NA,NA
"ENSG00000209480",0,NA,NA,NA,NA,NA
"ENSG00000209482",0,NA,NA,NA,NA,NA
"ENSG00000211637",0,NA,NA,NA,NA,NA
"ENSG00000211638",0,NA,NA,NA,NA,NA
"ENSG00000211639",0,NA,NA,NA,NA,NA
"ENSG00000211640",0,NA,NA,NA,NA,NA
"ENSG00000211641",0,NA,NA,NA,NA,NA
"ENSG00000211642",0,NA,NA,NA,NA,NA
"ENSG00000211644",0,NA,NA,NA,NA,NA
"ENSG00000211645",0,NA,NA,NA,NA,NA
"ENSG00000211647",0,NA,NA,NA,NA,NA
"ENSG00000211648",0,NA,NA,NA,NA,NA
"ENSG00000211650",0,NA,NA,NA,NA,NA
"ENSG00000211651",0,NA,NA,NA,NA,NA
"ENSG00000211652",0,NA,NA,NA,NA,NA
"ENSG00000211653",0,NA,NA,NA,NA,NA
"ENSG00000211654",0,NA,NA,NA,NA,NA
"ENSG00000211655",0,NA,NA,NA,NA,NA
"ENSG00000211656",0,NA,NA,NA,NA,NA
"ENSG00000211657",0,NA,NA,NA,NA,NA
"ENSG00000211658",0,NA,NA,NA,NA,NA
"ENSG00000211659",0,NA,NA,NA,NA,NA
"ENSG00000211660",0,NA,NA,NA,NA,NA
"ENSG00000211661",0,NA,NA,NA,NA,NA
"ENSG00000211662",0,NA,NA,NA,NA,NA
"ENSG00000211663",0,NA,NA,NA,NA,NA
"ENSG00000211664",0,NA,NA,NA,NA,NA
"ENSG00000211665",0,NA,NA,NA,NA,NA
"ENSG00000211666",0,NA,NA,NA,NA,NA
"ENSG00000211667",0,NA,NA,NA,NA,NA
"ENSG00000211668",0,NA,NA,NA,NA,NA
"ENSG00000211669",0,NA,NA,NA,NA,NA
"ENSG00000211670",0,NA,NA,NA,NA,NA
"ENSG00000211672",0,NA,NA,NA,NA,NA
"ENSG00000211673",0,NA,NA,NA,NA,NA
"ENSG00000211674",0,NA,NA,NA,NA,NA
"ENSG00000211675",0,NA,NA,NA,NA,NA
"ENSG00000211676",0,NA,NA,NA,NA,NA
"ENSG00000211677",0,NA,NA,NA,NA,NA
"ENSG00000211678",0,NA,NA,NA,NA,NA
"ENSG00000211679",0,NA,NA,NA,NA,NA
"ENSG00000211680",0,NA,NA,NA,NA,NA
"ENSG00000211681",0,NA,NA,NA,NA,NA
"ENSG00000211682",0,NA,NA,NA,NA,NA
"ENSG00000211683",0,NA,NA,NA,NA,NA
"ENSG00000211684",0,NA,NA,NA,NA,NA
"ENSG00000211685",0,NA,NA,NA,NA,NA
"ENSG00000212102",0,NA,NA,NA,NA,NA
"ENSG00000212216",0,NA,NA,NA,NA,NA
"ENSG00000212542",0,NA,NA,NA,NA,NA
"ENSG00000212569",0,NA,NA,NA,NA,NA
"ENSG00000212939",0,NA,NA,NA,NA,NA
"ENSG00000213279",0,NA,NA,NA,NA,NA
"ENSG00000213727",0,NA,NA,NA,NA,NA
"ENSG00000213752",0,NA,NA,NA,NA,NA
"ENSG00000214125",0,NA,NA,NA,NA,NA
"ENSG00000214161",0,NA,NA,NA,NA,NA
"ENSG00000214526",0,NA,NA,NA,NA,NA
"ENSG00000214727",0,NA,NA,NA,NA,NA
"ENSG00000215268",0,NA,NA,NA,NA,NA
"ENSG00000215347",0,NA,NA,NA,NA,NA
"ENSG00000215403",0,NA,NA,NA,NA,NA
"ENSG00000215456",0,NA,NA,NA,NA,NA
"ENSG00000215478",0,NA,NA,NA,NA,NA
"ENSG00000215481",0,NA,NA,NA,NA,NA
"ENSG00000215493",0,NA,NA,NA,NA,NA
"ENSG00000215498",0,NA,NA,NA,NA,NA
"ENSG00000215544",0,NA,NA,NA,NA,NA
"ENSG00000215568",0,NA,NA,NA,NA,NA
"ENSG00000215771",0,NA,NA,NA,NA,NA
"ENSG00000217261",0,NA,NA,NA,NA,NA
"ENSG00000218357",0,NA,NA,NA,NA,NA
"ENSG00000220248",0,NA,NA,NA,NA,NA
"ENSG00000220702",0,NA,NA,NA,NA,NA
"ENSG00000220891",0,NA,NA,NA,NA,NA
"ENSG00000221039",0,NA,NA,NA,NA,NA
"ENSG00000221598",0,NA,NA,NA,NA,NA
"ENSG00000221760",0,NA,NA,NA,NA,NA
"ENSG00000222037",0,NA,NA,NA,NA,NA
"ENSG00000222044",0,NA,NA,NA,NA,NA
"ENSG00000222352",0,NA,NA,NA,NA,NA
"ENSG00000222585",0,NA,NA,NA,NA,NA
"ENSG00000222630",0,NA,NA,NA,NA,NA
"ENSG00000222698",0,NA,NA,NA,NA,NA
"ENSG00000222915",0,NA,NA,NA,NA,NA
"ENSG00000223056",0,NA,NA,NA,NA,NA
"ENSG00000223142",0,NA,NA,NA,NA,NA
"ENSG00000223350",0,NA,NA,NA,NA,NA
"ENSG00000223461",0,NA,NA,NA,NA,NA
"ENSG00000223553",0,NA,NA,NA,NA,NA
"ENSG00000223679",0,NA,NA,NA,NA,NA
"ENSG00000223704",0,NA,NA,NA,NA,NA
"ENSG00000223726",0,NA,NA,NA,NA,NA
"ENSG00000223831",0,NA,NA,NA,NA,NA
"ENSG00000223843",0,NA,NA,NA,NA,NA
"ENSG00000223999",0,NA,NA,NA,NA,NA
"ENSG00000224027",0,NA,NA,NA,NA,NA
"ENSG00000224124",0,NA,NA,NA,NA,NA
"ENSG00000224144",0,NA,NA,NA,NA,NA
"ENSG00000224192",0,NA,NA,NA,NA,NA
"ENSG00000224256",0,NA,NA,NA,NA,NA
"ENSG00000224271",0,NA,NA,NA,NA,NA
"ENSG00000224277",0,NA,NA,NA,NA,NA
"ENSG00000224279",0,NA,NA,NA,NA,NA
"ENSG00000224334",0,NA,NA,NA,NA,NA
"ENSG00000224404",0,NA,NA,NA,NA,NA
"ENSG00000224435",0,NA,NA,NA,NA,NA
"ENSG00000224465",0,NA,NA,NA,NA,NA
"ENSG00000224715",0,NA,NA,NA,NA,NA
"ENSG00000224794",0,NA,NA,NA,NA,NA
"ENSG00000224806",0,NA,NA,NA,NA,NA
"ENSG00000224883",0,NA,NA,NA,NA,NA
"ENSG00000224973",0,NA,NA,NA,NA,NA
"ENSG00000225007",0,NA,NA,NA,NA,NA
"ENSG00000225098",0,NA,NA,NA,NA,NA
"ENSG00000225225",0,NA,NA,NA,NA,NA
"ENSG00000225282",0,NA,NA,NA,NA,NA
"ENSG00000225293",0,NA,NA,NA,NA,NA
"ENSG00000225413",0,NA,NA,NA,NA,NA
"ENSG00000225450",0,NA,NA,NA,NA,NA
"ENSG00000225480",0,NA,NA,NA,NA,NA
"ENSG00000225557",0,NA,NA,NA,NA,NA
"ENSG00000225720",0,NA,NA,NA,NA,NA
"ENSG00000225724",0,NA,NA,NA,NA,NA
"ENSG00000225741",0,NA,NA,NA,NA,NA
"ENSG00000225783",0,NA,NA,NA,NA,NA
"ENSG00000225867",0,NA,NA,NA,NA,NA
"ENSG00000225929",0,NA,NA,NA,NA,NA
"ENSG00000225971",0,NA,NA,NA,NA,NA
"ENSG00000226024",0,NA,NA,NA,NA,NA
"ENSG00000226160",0,NA,NA,NA,NA,NA
"ENSG00000226169",0,NA,NA,NA,NA,NA
"ENSG00000226233",0,NA,NA,NA,NA,NA
"ENSG00000226336",0,NA,NA,NA,NA,NA
"ENSG00000226420",0,NA,NA,NA,NA,NA
"ENSG00000226444",0,NA,NA,NA,NA,NA
"ENSG00000226450",0,NA,NA,NA,NA,NA
"ENSG00000226474",0,NA,NA,NA,NA,NA
"ENSG00000226477",0,NA,NA,NA,NA,NA
"ENSG00000226534",0,NA,NA,NA,NA,NA
"ENSG00000226595",0,NA,NA,NA,NA,NA
"ENSG00000226738",0,NA,NA,NA,NA,NA
"ENSG00000226741",0,NA,NA,NA,NA,NA
"ENSG00000226772",0,NA,NA,NA,NA,NA
"ENSG00000226872",0,NA,NA,NA,NA,NA
"ENSG00000226912",0,NA,NA,NA,NA,NA
"ENSG00000226954",0,NA,NA,NA,NA,NA
"ENSG00000226989",0,NA,NA,NA,NA,NA
"ENSG00000227009",0,NA,NA,NA,NA,NA
"ENSG00000227117",0,NA,NA,NA,NA,NA
"ENSG00000227188",0,NA,NA,NA,NA,NA
"ENSG00000227367",0,NA,NA,NA,NA,NA
"ENSG00000227370",0,NA,NA,NA,NA,NA
"ENSG00000227413",0,NA,NA,NA,NA,NA
"ENSG00000227484",0,NA,NA,NA,NA,NA
"ENSG00000227519",0,NA,NA,NA,NA,NA
"ENSG00000227710",0,NA,NA,NA,NA,NA
"ENSG00000227755",0,NA,NA,NA,NA,NA
"ENSG00000227813",0,NA,NA,NA,NA,NA
"ENSG00000227838",0,NA,NA,NA,NA,NA
"ENSG00000227880",0,NA,NA,NA,NA,NA
"ENSG00000227895",0,NA,NA,NA,NA,NA
"ENSG00000228039",0,NA,NA,NA,NA,NA
"ENSG00000228045",0,NA,NA,NA,NA,NA
"ENSG00000228050",0,NA,NA,NA,NA,NA
"ENSG00000228122",0,NA,NA,NA,NA,NA
"ENSG00000228161",0,NA,NA,NA,NA,NA
"ENSG00000228194",0,NA,NA,NA,NA,NA
"ENSG00000228587",0,NA,NA,NA,NA,NA
"ENSG00000228599",0,NA,NA,NA,NA,NA
"ENSG00000228622",0,NA,NA,NA,NA,NA
"ENSG00000228719",0,NA,NA,NA,NA,NA
"ENSG00000228839",0,NA,NA,NA,NA,NA
"ENSG00000228923",0,NA,NA,NA,NA,NA
"ENSG00000229027",0,NA,NA,NA,NA,NA
"ENSG00000229088",0,NA,NA,NA,NA,NA
"ENSG00000229107",0,NA,NA,NA,NA,NA
"ENSG00000229169",0,NA,NA,NA,NA,NA
"ENSG00000229266",0,NA,NA,NA,NA,NA
"ENSG00000229275",0,NA,NA,NA,NA,NA
"ENSG00000229286",0,NA,NA,NA,NA,NA
"ENSG00000229409",0,NA,NA,NA,NA,NA
"ENSG00000229492",0,NA,NA,NA,NA,NA
"ENSG00000229608",0,NA,NA,NA,NA,NA
"ENSG00000229658",0,NA,NA,NA,NA,NA
"ENSG00000229673",0,NA,NA,NA,NA,NA
"ENSG00000229770",0,NA,NA,NA,NA,NA
"ENSG00000229955",0,NA,NA,NA,NA,NA
"ENSG00000229971",0,NA,NA,NA,NA,NA
"ENSG00000229999",0,NA,NA,NA,NA,NA
"ENSG00000230051",0,NA,NA,NA,NA,NA
"ENSG00000230120",0,NA,NA,NA,NA,NA
"ENSG00000230137",0,NA,NA,NA,NA,NA
"ENSG00000230149",0,NA,NA,NA,NA,NA
"ENSG00000230194",0,NA,NA,NA,NA,NA
"ENSG00000230345",0,NA,NA,NA,NA,NA
"ENSG00000230471",0,NA,NA,NA,NA,NA
"ENSG00000230481",0,NA,NA,NA,NA,NA
"ENSG00000230485",0,NA,NA,NA,NA,NA
"ENSG00000230634",0,NA,NA,NA,NA,NA
"ENSG00000230637",0,NA,NA,NA,NA,NA
"ENSG00000230643",0,NA,NA,NA,NA,NA
"ENSG00000230736",0,NA,NA,NA,NA,NA
"ENSG00000230741",0,NA,NA,NA,NA,NA
"ENSG00000230769",0,NA,NA,NA,NA,NA
"ENSG00000230821",0,NA,NA,NA,NA,NA
"ENSG00000230866",0,NA,NA,NA,NA,NA
"ENSG00000230912",0,NA,NA,NA,NA,NA
"ENSG00000230947",0,NA,NA,NA,NA,NA
"ENSG00000231004",0,NA,NA,NA,NA,NA
"ENSG00000231086",0,NA,NA,NA,NA,NA
"ENSG00000231253",0,NA,NA,NA,NA,NA
"ENSG00000231261",0,NA,NA,NA,NA,NA
"ENSG00000231271",0,NA,NA,NA,NA,NA
"ENSG00000231392",0,NA,NA,NA,NA,NA
"ENSG00000231405",0,NA,NA,NA,NA,NA
"ENSG00000231467",0,NA,NA,NA,NA,NA
"ENSG00000231495",0,NA,NA,NA,NA,NA
"ENSG00000231565",0,NA,NA,NA,NA,NA
"ENSG00000231576",0,NA,NA,NA,NA,NA
"ENSG00000231711",0,NA,NA,NA,NA,NA
"ENSG00000231801",0,NA,NA,NA,NA,NA
"ENSG00000231933",0,NA,NA,NA,NA,NA
"ENSG00000232050",0,NA,NA,NA,NA,NA
"ENSG00000232073",0,NA,NA,NA,NA,NA
"ENSG00000232081",0,NA,NA,NA,NA,NA
"ENSG00000232218",0,NA,NA,NA,NA,NA
"ENSG00000232254",0,NA,NA,NA,NA,NA
"ENSG00000232305",0,NA,NA,NA,NA,NA
"ENSG00000232350",0,NA,NA,NA,NA,NA
"ENSG00000232363",0,NA,NA,NA,NA,NA
"ENSG00000232396",0,NA,NA,NA,NA,NA
"ENSG00000232464",0,NA,NA,NA,NA,NA
"ENSG00000232515",0,NA,NA,NA,NA,NA
"ENSG00000232545",0,NA,NA,NA,NA,NA
"ENSG00000232564",0,NA,NA,NA,NA,NA
"ENSG00000232603",0,NA,NA,NA,NA,NA
"ENSG00000232655",0,NA,NA,NA,NA,NA
"ENSG00000232707",0,NA,NA,NA,NA,NA
"ENSG00000232710",0,NA,NA,NA,NA,NA
"ENSG00000232754",0,NA,NA,NA,NA,NA
"ENSG00000232771",0,NA,NA,NA,NA,NA
"ENSG00000232897",0,NA,NA,NA,NA,NA
"ENSG00000232926",0,NA,NA,NA,NA,NA
"ENSG00000233010",0,NA,NA,NA,NA,NA
"ENSG00000233080",0,NA,NA,NA,NA,NA
"ENSG00000233157",0,NA,NA,NA,NA,NA
"ENSG00000233179",0,NA,NA,NA,NA,NA
"ENSG00000233360",0,NA,NA,NA,NA,NA
"ENSG00000233388",0,NA,NA,NA,NA,NA
"ENSG00000233408",0,NA,NA,NA,NA,NA
"ENSG00000233471",0,NA,NA,NA,NA,NA
"ENSG00000233521",0,NA,NA,NA,NA,NA
"ENSG00000233574",0,NA,NA,NA,NA,NA
"ENSG00000233577",0,NA,NA,NA,NA,NA
"ENSG00000233603",0,NA,NA,NA,NA,NA
"ENSG00000233632",0,NA,NA,NA,NA,NA
"ENSG00000233720",0,NA,NA,NA,NA,NA
"ENSG00000233733",0,NA,NA,NA,NA,NA
"ENSG00000233739",0,NA,NA,NA,NA,NA
"ENSG00000233764",0,NA,NA,NA,NA,NA
"ENSG00000233866",0,NA,NA,NA,NA,NA
"ENSG00000233995",0,NA,NA,NA,NA,NA
"ENSG00000234121",0,NA,NA,NA,NA,NA
"ENSG00000234208",0,NA,NA,NA,NA,NA
"ENSG00000234300",0,NA,NA,NA,NA,NA
"ENSG00000234353",0,NA,NA,NA,NA,NA
"ENSG00000234381",0,NA,NA,NA,NA,NA
"ENSG00000234409",0,NA,NA,NA,NA,NA
"ENSG00000234479",0,NA,NA,NA,NA,NA
"ENSG00000234503",0,NA,NA,NA,NA,NA
"ENSG00000234626",0,NA,NA,NA,NA,NA
"ENSG00000234630",0,NA,NA,NA,NA,NA
"ENSG00000234688",0,NA,NA,NA,NA,NA
"ENSG00000234726",0,NA,NA,NA,NA,NA
"ENSG00000234891",0,NA,NA,NA,NA,NA
"ENSG00000234892",0,NA,NA,NA,NA,NA
"ENSG00000234913",0,NA,NA,NA,NA,NA
"ENSG00000234928",0,NA,NA,NA,NA,NA
"ENSG00000234979",0,NA,NA,NA,NA,NA
"ENSG00000235062",0,NA,NA,NA,NA,NA
"ENSG00000235091",0,NA,NA,NA,NA,NA
"ENSG00000235111",0,NA,NA,NA,NA,NA
"ENSG00000235154",0,NA,NA,NA,NA,NA
"ENSG00000235159",0,NA,NA,NA,NA,NA
"ENSG00000235209",0,NA,NA,NA,NA,NA
"ENSG00000235237",0,NA,NA,NA,NA,NA
"ENSG00000235246",0,NA,NA,NA,NA,NA
"ENSG00000235271",0,NA,NA,NA,NA,NA
"ENSG00000235295",0,NA,NA,NA,NA,NA
"ENSG00000235343",0,NA,NA,NA,NA,NA
"ENSG00000235347",0,NA,NA,NA,NA,NA
"ENSG00000235445",0,NA,NA,NA,NA,NA
"ENSG00000235478",0,NA,NA,NA,NA,NA
"ENSG00000235485",0,NA,NA,NA,NA,NA
"ENSG00000235513",0,NA,NA,NA,NA,NA
"ENSG00000235568",0,NA,NA,NA,NA,NA
"ENSG00000235573",0,NA,NA,NA,NA,NA
"ENSG00000235578",0,NA,NA,NA,NA,NA
"ENSG00000235617",0,NA,NA,NA,NA,NA
"ENSG00000235647",0,NA,NA,NA,NA,NA
"ENSG00000235759",0,NA,NA,NA,NA,NA
"ENSG00000235786",0,NA,NA,NA,NA,NA
"ENSG00000235969",0,NA,NA,NA,NA,NA
"ENSG00000235992",0,NA,NA,NA,NA,NA
"ENSG00000236003",0,NA,NA,NA,NA,NA
"ENSG00000236052",0,NA,NA,NA,NA,NA
"ENSG00000236054",0,NA,NA,NA,NA,NA
"ENSG00000236079",0,NA,NA,NA,NA,NA
"ENSG00000236097",0,NA,NA,NA,NA,NA
"ENSG00000236117",0,NA,NA,NA,NA,NA
"ENSG00000236118",0,NA,NA,NA,NA,NA
"ENSG00000236132",0,NA,NA,NA,NA,NA
"ENSG00000236235",0,NA,NA,NA,NA,NA
"ENSG00000236272",0,NA,NA,NA,NA,NA
"ENSG00000236323",0,NA,NA,NA,NA,NA
"ENSG00000236464",0,NA,NA,NA,NA,NA
"ENSG00000236611",0,NA,NA,NA,NA,NA
"ENSG00000236641",0,NA,NA,NA,NA,NA
"ENSG00000236666",0,NA,NA,NA,NA,NA
"ENSG00000236831",0,NA,NA,NA,NA,NA
"ENSG00000236858",0,NA,NA,NA,NA,NA
"ENSG00000236867",0,NA,NA,NA,NA,NA
"ENSG00000236890",0,NA,NA,NA,NA,NA
"ENSG00000237127",0,NA,NA,NA,NA,NA
"ENSG00000237129",0,NA,NA,NA,NA,NA
"ENSG00000237316",0,NA,NA,NA,NA,NA
"ENSG00000237347",0,NA,NA,NA,NA,NA
"ENSG00000237358",0,NA,NA,NA,NA,NA
"ENSG00000237387",0,NA,NA,NA,NA,NA
"ENSG00000237407",0,NA,NA,NA,NA,NA
"ENSG00000237428",0,NA,NA,NA,NA,NA
"ENSG00000237439",0,NA,NA,NA,NA,NA
"ENSG00000237446",0,NA,NA,NA,NA,NA
"ENSG00000237601",0,NA,NA,NA,NA,NA
"ENSG00000237689",0,NA,NA,NA,NA,NA
"ENSG00000237835",0,NA,NA,NA,NA,NA
"ENSG00000237862",0,NA,NA,NA,NA,NA
"ENSG00000237948",0,NA,NA,NA,NA,NA
"ENSG00000238125",0,NA,NA,NA,NA,NA
"ENSG00000238192",0,NA,NA,NA,NA,NA
"ENSG00000238195",0,NA,NA,NA,NA,NA
"ENSG00000238498",0,NA,NA,NA,NA,NA
"ENSG00000238584",0,NA,NA,NA,NA,NA
"ENSG00000238875",0,NA,NA,NA,NA,NA
"ENSG00000239127",0,NA,NA,NA,NA,NA
"ENSG00000239249",0,NA,NA,NA,NA,NA
"ENSG00000239435",0,NA,NA,NA,NA,NA
"ENSG00000239446",0,NA,NA,NA,NA,NA
"ENSG00000239511",0,NA,NA,NA,NA,NA
"ENSG00000239547",0,NA,NA,NA,NA,NA
"ENSG00000239674",0,NA,NA,NA,NA,NA
"ENSG00000239989",0,NA,NA,NA,NA,NA
"ENSG00000240122",0,NA,NA,NA,NA,NA
"ENSG00000240160",0,NA,NA,NA,NA,NA
"ENSG00000240186",0,NA,NA,NA,NA,NA
"ENSG00000240591",0,NA,NA,NA,NA,NA
"ENSG00000240647",0,NA,NA,NA,NA,NA
"ENSG00000241333",0,NA,NA,NA,NA,NA
"ENSG00000241527",0,NA,NA,NA,NA,NA
"ENSG00000241693",0,NA,NA,NA,NA,NA
"ENSG00000241717",0,NA,NA,NA,NA,NA
"ENSG00000241832",0,NA,NA,NA,NA,NA
"ENSG00000241954",0,NA,NA,NA,NA,NA
"ENSG00000242082",0,NA,NA,NA,NA,NA
"ENSG00000242156",0,NA,NA,NA,NA,NA
"ENSG00000242251",0,NA,NA,NA,NA,NA
"ENSG00000242876",0,NA,NA,NA,NA,NA
"ENSG00000243519",0,NA,NA,NA,NA,NA
"ENSG00000243762",0,NA,NA,NA,NA,NA
"ENSG00000243811",0,NA,NA,NA,NA,NA
"ENSG00000243902",0,NA,NA,NA,NA,NA
"ENSG00000244296",0,NA,NA,NA,NA,NA
"ENSG00000244425",0,NA,NA,NA,NA,NA
"ENSG00000244491",0,NA,NA,NA,NA,NA
"ENSG00000244671",0,NA,NA,NA,NA,NA
"ENSG00000244723",0,NA,NA,NA,NA,NA
"ENSG00000248409",0,NA,NA,NA,NA,NA
"ENSG00000249263",0,NA,NA,NA,NA,NA
"ENSG00000249288",0,NA,NA,NA,NA,NA
"ENSG00000249310",0,NA,NA,NA,NA,NA
"ENSG00000249333",0,NA,NA,NA,NA,NA
"ENSG00000249680",0,NA,NA,NA,NA,NA
"ENSG00000249923",0,NA,NA,NA,NA,NA
"ENSG00000250261",0,NA,NA,NA,NA,NA
"ENSG00000250470",0,NA,NA,NA,NA,NA
"ENSG00000251890",0,NA,NA,NA,NA,NA
"ENSG00000251913",0,NA,NA,NA,NA,NA
"ENSG00000251940",0,NA,NA,NA,NA,NA
"ENSG00000251952",0,NA,NA,NA,NA,NA
"ENSG00000252020",0,NA,NA,NA,NA,NA
"ENSG00000252143",0,NA,NA,NA,NA,NA
"ENSG00000252225",0,NA,NA,NA,NA,NA
"ENSG00000252267",0,NA,NA,NA,NA,NA
"ENSG00000252412",0,NA,NA,NA,NA,NA
"ENSG00000252603",0,NA,NA,NA,NA,NA
"ENSG00000252859",0,NA,NA,NA,NA,NA
"ENSG00000252909",0,NA,NA,NA,NA,NA
"ENSG00000253007",0,NA,NA,NA,NA,NA
"ENSG00000253120",0,NA,NA,NA,NA,NA
"ENSG00000253126",0,NA,NA,NA,NA,NA
"ENSG00000253152",0,NA,NA,NA,NA,NA
"ENSG00000253234",0,NA,NA,NA,NA,NA
"ENSG00000253239",0,NA,NA,NA,NA,NA
"ENSG00000253242",0,NA,NA,NA,NA,NA
"ENSG00000253329",0,NA,NA,NA,NA,NA
"ENSG00000253338",0,NA,NA,NA,NA,NA
"ENSG00000253448",0,NA,NA,NA,NA,NA
"ENSG00000253451",0,NA,NA,NA,NA,NA
"ENSG00000253460",0,NA,NA,NA,NA,NA
"ENSG00000253481",0,NA,NA,NA,NA,NA
"ENSG00000253546",0,NA,NA,NA,NA,NA
"ENSG00000253590",0,NA,NA,NA,NA,NA
"ENSG00000253631",0,NA,NA,NA,NA,NA
"ENSG00000253637",0,NA,NA,NA,NA,NA
"ENSG00000253691",0,NA,NA,NA,NA,NA
"ENSG00000253752",0,NA,NA,NA,NA,NA
"ENSG00000253779",0,NA,NA,NA,NA,NA
"ENSG00000253786",0,NA,NA,NA,NA,NA
"ENSG00000253794",0,NA,NA,NA,NA,NA
"ENSG00000253818",0,NA,NA,NA,NA,NA
"ENSG00000253822",0,NA,NA,NA,NA,NA
"ENSG00000253823",0,NA,NA,NA,NA,NA
"ENSG00000253874",0,NA,NA,NA,NA,NA
"ENSG00000253889",0,NA,NA,NA,NA,NA
"ENSG00000253913",0,NA,NA,NA,NA,NA
"ENSG00000253920",0,NA,NA,NA,NA,NA
"ENSG00000253935",0,NA,NA,NA,NA,NA
"ENSG00000253963",0,NA,NA,NA,NA,NA
"ENSG00000254029",0,NA,NA,NA,NA,NA
"ENSG00000254030",0,NA,NA,NA,NA,NA
"ENSG00000254073",0,NA,NA,NA,NA,NA
"ENSG00000254075",0,NA,NA,NA,NA,NA
"ENSG00000254077",0,NA,NA,NA,NA,NA
"ENSG00000254127",0,NA,NA,NA,NA,NA
"ENSG00000254161",0,NA,NA,NA,NA,NA
"ENSG00000254175",0,NA,NA,NA,NA,NA
"ENSG00000254240",0,NA,NA,NA,NA,NA
"ENSG00000254264",0,NA,NA,NA,NA,NA
"ENSG00000254308",0,NA,NA,NA,NA,NA
"ENSG00000254355",0,NA,NA,NA,NA,NA
"ENSG00000254499",0,NA,NA,NA,NA,NA
"ENSG00000254709",0,NA,NA,NA,NA,NA
"ENSG00000254835",0,NA,NA,NA,NA,NA
"ENSG00000255156",0,NA,NA,NA,NA,NA
"ENSG00000258555",0,NA,NA,NA,NA,NA
"ENSG00000259271",0,NA,NA,NA,NA,NA
"ENSG00000259421",0,NA,NA,NA,NA,NA
"ENSG00000260613",0,NA,NA,NA,NA,NA
"ENSG00000261202",0,NA,NA,NA,NA,NA
"ENSG00000261251",0,NA,NA,NA,NA,NA
"ENSG00000261675",0,NA,NA,NA,NA,NA
"ENSG00000263366",0,NA,NA,NA,NA,NA
"ENSG00000263764",0,NA,NA,NA,NA,NA
"ENSG00000264073",0,NA,NA,NA,NA,NA
"ENSG00000264139",0,NA,NA,NA,NA,NA
"ENSG00000264141",0,NA,NA,NA,NA,NA
"ENSG00000264160",0,NA,NA,NA,NA,NA
"ENSG00000264346",0,NA,NA,NA,NA,NA
"ENSG00000264661",0,NA,NA,NA,NA,NA
"ENSG00000264824",0,NA,NA,NA,NA,NA
"ENSG00000266012",0,NA,NA,NA,NA,NA
"ENSG00000266320",0,NA,NA,NA,NA,NA
"ENSG00000266503",0,NA,NA,NA,NA,NA
"ENSG00000266508",0,NA,NA,NA,NA,NA
"ENSG00000266533",0,NA,NA,NA,NA,NA
"ENSG00000266594",0,NA,NA,NA,NA,NA
"ENSG00000266887",0,NA,NA,NA,NA,NA
"ENSG00000267338",0,NA,NA,NA,NA,NA
"ENSG00000268292",0,NA,NA,NA,NA,NA
"ENSG00000268812",0,NA,NA,NA,NA,NA
"ENSG00000269972",0,NA,NA,NA,NA,NA
"ENSG00000270022",0,NA,NA,NA,NA,NA
"ENSG00000270083",0,NA,NA,NA,NA,NA
"ENSG00000270226",0,NA,NA,NA,NA,NA
"ENSG00000270393",0,NA,NA,NA,NA,NA
"ENSG00000271093",0,NA,NA,NA,NA,NA
"ENSG00000271138",0,NA,NA,NA,NA,NA
"ENSG00000271181",0,NA,NA,NA,NA,NA
"ENSG00000271275",0,NA,NA,NA,NA,NA
"ENSG00000271672",0,NA,NA,NA,NA,NA
"ENSG00000272578",0,NA,NA,NA,NA,NA
"ENSG00000272582",0,NA,NA,NA,NA,NA
"ENSG00000272694",0,NA,NA,NA,NA,NA
"ENSG00000272720",0,NA,NA,NA,NA,NA
"ENSG00000272733",0,NA,NA,NA,NA,NA
"ENSG00000272787",0,NA,NA,NA,NA,NA
"ENSG00000272798",0,NA,NA,NA,NA,NA
"ENSG00000272829",0,NA,NA,NA,NA,NA
"ENSG00000272834",0,NA,NA,NA,NA,NA
"ENSG00000272836",0,NA,NA,NA,NA,NA
"ENSG00000272858",0,NA,NA,NA,NA,NA
"ENSG00000272942",0,NA,NA,NA,NA,NA
"ENSG00000272954",0,NA,NA,NA,NA,NA
"ENSG00000273032",0,NA,NA,NA,NA,NA
"ENSG00000273044",0,NA,NA,NA,NA,NA
"ENSG00000273068",0,NA,NA,NA,NA,NA
"ENSG00000273082",0,NA,NA,NA,NA,NA
"ENSG00000273096",0,NA,NA,NA,NA,NA
"ENSG00000273137",0,NA,NA,NA,NA,NA
"ENSG00000273139",0,NA,NA,NA,NA,NA
"ENSG00000273164",0,NA,NA,NA,NA,NA
"ENSG00000273176",0,NA,NA,NA,NA,NA
"ENSG00000273212",0,NA,NA,NA,NA,NA
"ENSG00000273214",0,NA,NA,NA,NA,NA
"ENSG00000273216",0,NA,NA,NA,NA,NA
"ENSG00000273244",0,NA,NA,NA,NA,NA
"ENSG00000273272",0,NA,NA,NA,NA,NA
"ENSG00000273287",0,NA,NA,NA,NA,NA
"ENSG00000273295",0,NA,NA,NA,NA,NA
"ENSG00000273300",0,NA,NA,NA,NA,NA
"ENSG00000273342",0,NA,NA,NA,NA,NA
"ENSG00000273343",0,NA,NA,NA,NA,NA
"ENSG00000273350",0,NA,NA,NA,NA,NA
"ENSG00000273353",0,NA,NA,NA,NA,NA
"ENSG00000273362",0,NA,NA,NA,NA,NA
"ENSG00000273428",0,NA,NA,NA,NA,NA
"ENSG00000273442",0,NA,NA,NA,NA,NA
"ENSG00000273643",0,NA,NA,NA,NA,NA
"ENSG00000273846",0,NA,NA,NA,NA,NA
"ENSG00000273866",0,NA,NA,NA,NA,NA
"ENSG00000273907",0,NA,NA,NA,NA,NA
"ENSG00000273979",0,NA,NA,NA,NA,NA
"ENSG00000274044",0,NA,NA,NA,NA,NA
"ENSG00000274170",0,NA,NA,NA,NA,NA
"ENSG00000274252",0,NA,NA,NA,NA,NA
"ENSG00000274280",0,NA,NA,NA,NA,NA
"ENSG00000274342",0,NA,NA,NA,NA,NA
"ENSG00000274381",0,NA,NA,NA,NA,NA
"ENSG00000274457",0,NA,NA,NA,NA,NA
"ENSG00000274552",0,NA,NA,NA,NA,NA
"ENSG00000274617",0,NA,NA,NA,NA,NA
"ENSG00000274625",0,NA,NA,NA,NA,NA
"ENSG00000274717",0,NA,NA,NA,NA,NA
"ENSG00000275060",0,NA,NA,NA,NA,NA
"ENSG00000275293",0,NA,NA,NA,NA,NA
"ENSG00000275307",0,NA,NA,NA,NA,NA
"ENSG00000275319",0,NA,NA,NA,NA,NA
"ENSG00000275361",0,NA,NA,NA,NA,NA
"ENSG00000275362",0,NA,NA,NA,NA,NA
"ENSG00000275609",0,NA,NA,NA,NA,NA
"ENSG00000275635",0,NA,NA,NA,NA,NA
"ENSG00000275656",0,NA,NA,NA,NA,NA
"ENSG00000275772",0,NA,NA,NA,NA,NA
"ENSG00000275818",0,NA,NA,NA,NA,NA
"ENSG00000275840",0,NA,NA,NA,NA,NA
"ENSG00000275942",0,NA,NA,NA,NA,NA
"ENSG00000276027",0,NA,NA,NA,NA,NA
"ENSG00000276057",0,NA,NA,NA,NA,NA
"ENSG00000276095",0,NA,NA,NA,NA,NA
"ENSG00000276138",0,NA,NA,NA,NA,NA
"ENSG00000276150",0,NA,NA,NA,NA,NA
"ENSG00000276160",0,NA,NA,NA,NA,NA
"ENSG00000276162",0,NA,NA,NA,NA,NA
"ENSG00000276400",0,NA,NA,NA,NA,NA
"ENSG00000276427",0,NA,NA,NA,NA,NA
"ENSG00000276664",0,NA,NA,NA,NA,NA
"ENSG00000276675",0,NA,NA,NA,NA,NA
"ENSG00000276753",0,NA,NA,NA,NA,NA
"ENSG00000276800",0,NA,NA,NA,NA,NA
"ENSG00000276871",0,NA,NA,NA,NA,NA
"ENSG00000276874",0,NA,NA,NA,NA,NA
"ENSG00000276965",0,NA,NA,NA,NA,NA
"ENSG00000276991",0,NA,NA,NA,NA,NA
"ENSG00000277017",0,NA,NA,NA,NA,NA
"ENSG00000277232",0,NA,NA,NA,NA,NA
"ENSG00000277248",0,NA,NA,NA,NA,NA
"ENSG00000277385",0,NA,NA,NA,NA,NA
"ENSG00000277460",0,NA,NA,NA,NA,NA
"ENSG00000277690",0,NA,NA,NA,NA,NA
"ENSG00000277771",0,NA,NA,NA,NA,NA
"ENSG00000277870",0,NA,NA,NA,NA,NA
"ENSG00000277872",0,NA,NA,NA,NA,NA
"ENSG00000277941",0,NA,NA,NA,NA,NA
"ENSG00000277950",0,NA,NA,NA,NA,NA
"ENSG00000278008",0,NA,NA,NA,NA,NA
"ENSG00000278044",0,NA,NA,NA,NA,NA
"ENSG00000278110",0,NA,NA,NA,NA,NA
"ENSG00000278188",0,NA,NA,NA,NA,NA
"ENSG00000278196",0,NA,NA,NA,NA,NA
"ENSG00000278278",0,NA,NA,NA,NA,NA
"ENSG00000278292",0,NA,NA,NA,NA,NA
"ENSG00000278404",0,NA,NA,NA,NA,NA
"ENSG00000278420",0,NA,NA,NA,NA,NA
"ENSG00000278655",0,NA,NA,NA,NA,NA
"ENSG00000278657",0,NA,NA,NA,NA,NA
"ENSG00000278667",0,NA,NA,NA,NA,NA
"ENSG00000278869",0,NA,NA,NA,NA,NA
"ENSG00000278881",0,NA,NA,NA,NA,NA
"ENSG00000278890",0,NA,NA,NA,NA,NA
"ENSG00000278920",0,NA,NA,NA,NA,NA
"ENSG00000278948",0,NA,NA,NA,NA,NA
"ENSG00000278960",0,NA,NA,NA,NA,NA
"ENSG00000279006",0,NA,NA,NA,NA,NA
"ENSG00000279080",0,NA,NA,NA,NA,NA
"ENSG00000279085",0,NA,NA,NA,NA,NA
"ENSG00000279110",0,NA,NA,NA,NA,NA
"ENSG00000279159",0,NA,NA,NA,NA,NA
"ENSG00000279175",0,NA,NA,NA,NA,NA
"ENSG00000279182",0,NA,NA,NA,NA,NA
"ENSG00000279217",0,NA,NA,NA,NA,NA
"ENSG00000279278",0,NA,NA,NA,NA,NA
"ENSG00000279298",0,NA,NA,NA,NA,NA
"ENSG00000279345",0,NA,NA,NA,NA,NA
"ENSG00000279440",0,NA,NA,NA,NA,NA
"ENSG00000279467",0,NA,NA,NA,NA,NA
"ENSG00000279494",0,NA,NA,NA,NA,NA
"ENSG00000279548",0,NA,NA,NA,NA,NA
"ENSG00000279597",0,NA,NA,NA,NA,NA
"ENSG00000279642",0,NA,NA,NA,NA,NA
"ENSG00000279652",0,NA,NA,NA,NA,NA
"ENSG00000279699",0,NA,NA,NA,NA,NA
"ENSG00000279712",0,NA,NA,NA,NA,NA
"ENSG00000279714",0,NA,NA,NA,NA,NA
"ENSG00000279805",0,NA,NA,NA,NA,NA
"ENSG00000279848",0,NA,NA,NA,NA,NA
"ENSG00000279914",0,NA,NA,NA,NA,NA
"ENSG00000279920",0,NA,NA,NA,NA,NA
"ENSG00000279927",0,NA,NA,NA,NA,NA
"ENSG00000279933",0,NA,NA,NA,NA,NA
"ENSG00000279954",0,NA,NA,NA,NA,NA
"ENSG00000279973",0,NA,NA,NA,NA,NA
"ENSG00000279987",0,NA,NA,NA,NA,NA
"ENSG00000280007",0,NA,NA,NA,NA,NA
"ENSG00000280011",0,NA,NA,NA,NA,NA
"ENSG00000280025",0,NA,NA,NA,NA,NA
"ENSG00000280080",0,NA,NA,NA,NA,NA
"ENSG00000280156",0,NA,NA,NA,NA,NA
"ENSG00000280199",0,NA,NA,NA,NA,NA
"ENSG00000280216",0,NA,NA,NA,NA,NA
"ENSG00000280224",0,NA,NA,NA,NA,NA
"ENSG00000280263",0,NA,NA,NA,NA,NA
"ENSG00000280312",0,NA,NA,NA,NA,NA
"ENSG00000280341",0,NA,NA,NA,NA,NA
"ENSG00000280356",0,NA,NA,NA,NA,NA
"ENSG00000280384",0,NA,NA,NA,NA,NA
"ENSG00000280395",0,NA,NA,NA,NA,NA
"ENSG00000280418",0,NA,NA,NA,NA,NA
"ENSG00000280424",0,NA,NA,NA,NA,NA
"ENSG00000280434",0,NA,NA,NA,NA,NA
"ENSG00000280445",0,NA,NA,NA,NA,NA
"ENSG00000280623",0,NA,NA,NA,NA,NA
"ENSG00000280968",0,NA,NA,NA,NA,NA
"ENSG00000281295",0,NA,NA,NA,NA,NA
"ENSG00000281530",0,NA,NA,NA,NA,NA
"ENSG00000281548",0,NA,NA,NA,NA,NA
"ENSG00000281732",0,NA,NA,NA,NA,NA
"ENSG00000282012",0,NA,NA,NA,NA,NA
"ENSG00000282041",0,NA,NA,NA,NA,NA
"ENSG00000282602",0,NA,NA,NA,NA,NA
"ENSG00000282816",0,NA,NA,NA,NA,NA
"ENSG00000283145",0,NA,NA,NA,NA,NA
"ENSG00000283225",0,NA,NA,NA,NA,NA
"ENSG00000283366",0,NA,NA,NA,NA,NA
"ENSG00000283535",0,NA,NA,NA,NA,NA
"ENSG00000283583",0,NA,NA,NA,NA,NA
"ENSG00000283633",0,NA,NA,NA,NA,NA
"ENSG00000283809",0,NA,NA,NA,NA,NA
"ENSG00000283829",0,NA,NA,NA,NA,NA
"ENSG00000283871",0,NA,NA,NA,NA,NA
"ENSG00000283972",0,NA,NA,NA,NA,NA
"ENSG00000283990",0,NA,NA,NA,NA,NA
"ENSG00000284015",0,NA,NA,NA,NA,NA
"ENSG00000284031",0,NA,NA,NA,NA,NA
"ENSG00000284049",0,NA,NA,NA,NA,NA
"ENSG00000284060",0,NA,NA,NA,NA,NA
"ENSG00000284070",0,NA,NA,NA,NA,NA
"ENSG00000284082",0,NA,NA,NA,NA,NA
"ENSG00000284128",0,NA,NA,NA,NA,NA
"ENSG00000284130",0,NA,NA,NA,NA,NA
"ENSG00000284140",0,NA,NA,NA,NA,NA
"ENSG00000284175",0,NA,NA,NA,NA,NA
"ENSG00000284197",0,NA,NA,NA,NA,NA
"ENSG00000284233",0,NA,NA,NA,NA,NA
"ENSG00000284266",0,NA,NA,NA,NA,NA
"ENSG00000284289",0,NA,NA,NA,NA,NA
"ENSG00000284294",0,NA,NA,NA,NA,NA
"ENSG00000284464",0,NA,NA,NA,NA,NA
"ENSG00000284520",0,NA,NA,NA,NA,NA
"ENSG00000284554",0,NA,NA,NA,NA,NA
"ENSG00000284621",0,NA,NA,NA,NA,NA
"ENSG00000284630",0,NA,NA,NA,NA,NA
"ENSG00000284651",0,NA,NA,NA,NA,NA
"ENSG00000284654",0,NA,NA,NA,NA,NA
"ENSG00000284665",0,NA,NA,NA,NA,NA
